55001002750001, 0
55001002750002, 0
55001002750003, 0
55001002750004, 0
55001003000001, 6
55001003000002, 0
55001003000003, 4
55001073000001, 4
55001073000002, 0
55001160750001, 0
55001195750001, 0
55001195750002, 5
55001195750003, 0
55001220000001, 0
55001220000002, 0
55001279500001, 0
55001376250001, 0
55001376250002, 0
55001434250001, 2
55001442500001, 0
55001537250001, 0
55001565250001, 0
55001565250002, 0
55001565250003, 0
55001567500001, 0
55001654500001, 0
55001654500002, 0
55001658250001, 0
55001658250002, 0
55001658250003, 0
55001674250001, 0
55001692750001, 4
55001692750002, 4
55001692750003, 4
55001692750004, 4
55001692750005, 4
55001763500001, 0
55001763500002, 0
55001778000001, 0
55001778000002, 4
55001778000003, 0
55001881500005, 1
55001881500009, 1
55003005500001, 2
55003032250001, 2
55003032250002, 2
55003032250003, 2
55003032250004, 2
55003032250005, 2
55003032250006, 2
55003032250007, 2
55003032250008, 2
55003032250009, 2
55003032250010, 2
55003032250011, 2
55003032500001, 2
55003115250001, 2
55003115250002, 5
55003145500001, 2
55003292500001, 2
55003298750001, 2
55003298750002, 2
55003377750001, 2
55003425620001, 0
55003492000001, 2
55003492000002, 2
55003507000001, 2
55003544000001, 2
55003544000002, 2
55003544000003, 2
55003616000001, 2
55003616000002, 2
55003713500001, 0
55003713500002, 2
55003728250001, 2
55003868500001, 2
55003868500002, 2
55005013250001, 2
55005013500001, 4
55005013500002, 4
55005027750001, 4
55005048750001, 4
55005048750002, 2
55005048750003, 4
55005048750004, 4
55005048750005, 4
55005048750006, 4
55005048750007, 2
55005049000001, 4
55005049000002, 2
55005056500001, 4
55005122500001, 7
55005122500002, 2
55005122500003, 6
55005135000001, 2
55005143250001, 2
55005143250002, 2
55005143250003, 4
55005143250004, 2
55005143500001, 2
55005143500002, 2
55005156000001, 2
55005178750001, 0
55005180250001, 5
55005180250002, 2
55005180250003, 7
55005180250004, 1
55005180500001, 7
55005185750001, 2
55005186000001, 2
55005206500001, 4
55005207500001, 2
55005207500002, 4
55005332250001, 4
55005416000001, 4
55005416000002, 1
55005488250001, 4
55005488250002, 2
55005489500001, 2
55005563500002, 5
55005589500001, 2
55005589500002, 3
55005651500001, 2
55005651750001, 2
55005651750002, 2
55005652000001, 2
55005652000002, 2
55005673500001, 2
55005673500002, 2
55005673500003, 2
55005673500004, 2
55005673500005, 2
55005673500006, 4
55005673500007, 2
55005673500008, 2
55005673500009, 2
55005673500010, 2
55005673500011, 2
55005673500012, 4
55005673500013, 3
55005673750001, 2
55005673750002, 2
55005673750003, 2
55005673750004, 2
55005741250001, 2
55005765500001, 4
55005766000001, 2
55005766000002, 2
55005766000003, 4
55005766000004, 2
55005784500001, 4
55005810750001, 2
55005811000001, 4
55005823750001, 4
55007032250001, 2
55007047250001, 2
55007047500001, 2
55007053500001, 2
55007053500002, 2
55007053500003, 2
55007053500004, 2
55007053750001, 7
55007054750001, 2
55007062000001, 2
55007116750001, 2
55007157500001, 2
55007196620001, 2
55007208870001, 2
55007229250001, 2
55007229250002, 2
55007301750001, 2
55007363000001, 2
55007372000001, 2
55007372000002, 2
55007390250001, 2
55007394250001, 2
55007442750001, 2
55007499000001, 2
55007499250001, 2
55007553750001, 2
55007602750001, 2
55007607750001, 2
55007627000001, 2
55007645120001, 2
55007703000001, 0
55007703000002, 4
55007807500001, 2
55007835250001, 2
55007835250002, 2
55007835250003, 2
55007835250004, 2
55007835500001, 2
55009011500001, 1
55009011500002, 1
55009011500003, 1
55009011500004, 1
55009011500005, 1
55009011500006, 1
55009011500007, 1
55009011500008, 1
55009011500009, 1
55009034250001, 1
55009034250002, 1
55009034250003, 1
55009034250004, 1
55009034250005, 1
55009034250006, 1
55009034250007, 1
55009034250008, 1
55009034250009, 1
55009034250010, 1
55009034250011, 1
55009034250012, 1
55009063500001, 1
55009063500002, 2
55009063500003, 1
55009063500004, 1
55009063500005, 1
55009063500006, 1
55009063500007, 1
55009063500008, 1
55009063500009, 1
55009063500010, 1
55009197000001, 1
55009197000002, 1
55009197000003, 1
55009197750001, 1
55009197750002, 1
55009197750003, 1
55009197750004, 1
55009197750005, 1
55009197750006, 1
55009197750007, 1
55009197750008, 1
55009197750009, 6
55009197750010, 1
55009197750011, 1
55009197750012, 1
55009197750013, 1
55009197750014, 1
55009197750015, 1
55009222250001, 1
55009222250002, 1
55009295500001, 2
55009295500002, 1
55009310000001, 1
55009310000002, 1
55009310000003, 1
55009310000004, 1
55009310000005, 1
55009310000006, 1
55009310000007, 1
55009310000008, 1
55009310000009, 1
55009310000010, 2
55009310000011, 1
55009310000012, 1
55009310000013, 1
55009310000014, 1
55009310000015, 1
55009310000016, 1
55009310000017, 1
55009310000018, 1
55009310000019, 1
55009310000020, 1
55009310000021, 2
55009310000022, 1
55009310000023, 1
55009310000024, 2
55009310000025, 1
55009310000026, 1
55009310000027, 2
55009310000028, 1
55009310000029, 1
55009310000030, 1
55009310000031, 1
55009310000032, 1
55009310000033, 1
55009310000034, 1
55009310000035, 1
55009310000036, 1
55009310000037, 1
55009310000038, 1
55009310000039, 1
55009310000040, 1
55009310000041, 1
55009310000042, 1
55009310000043, 1
55009310000044, 1
55009310000045, 1
55009310000046, 1
55009310000047, 1
55009310250001, 1
55009310250002, 1
55009310250003, 1
55009351500001, 1
55009351500002, 1
55009351500003, 1
55009351500004, 1
55009351500005, 1
55009351500006, 1
55009351500007, 1
55009351500008, 1
55009351500009, 5
55009353250001, 1
55009353250002, 1
55009359500001, 1
55009359500002, 1
55009359500003, 1
55009359500004, 1
55009359500005, 1
55009359500006, 1
55009359500007, 1
55009359500008, 1
55009359500009, 1
55009359500010, 1
55009359500011, 1
55009359500012, 1
55009359500013, 1
55009359500014, 1
55009359500015, 1
55009359500016, 1
55009359500018, 1
55009364250001, 1
55009364250002, 1
55009429000001, 1
55009429000002, 1
55009429000003, 5
55009429000004, 1
55009429000005, 1
55009429000006, 1
55009430900001, 1
55009430900002, 1
55009430900003, 1
55009430900004, 1
55009430900005, 1
55009430900006, 0
55009430900007, 1
55009430900008, 1
55009430900009, 1
55009430900010, 1
55009543000001, 1
55009543000002, 1
55009565750001, 1
55009565750002, 1
55009565750003, 4
55009630750001, 2
55009630750002, 2
55009630750003, 2
55009656750001, 1
55009656750002, 1
55009656750003, 1
55009656750006, 2
55009688750001, 1
55009688750002, 1
55009688750003, 1
55009722000001, 1
55009722000002, 1
55009722000003, 1
55009722000004, 1
55009779750001, 5
55009779750002, 1
55009779750003, 1
55009779750004, 0
55009779750005, 2
55009779750006, 2
55009779750007, 2
55009779750008, 1
55009891500001, 1
55009891500002, 1
55009891500003, 3
55009891750001, 1
55009891750002, 1
55009891750003, 1
55011012250001, 4
55011012500001, 4
55011066750001, 1
55011110250001, 4
55011110620001, 4
55011125000001, 4
55011160250001, 4
55011177370001, 4
55011205750001, 4
55011268500001, 4
55011292250001, 4
55011293750001, 4
55011443000001, 4
55011500750001, 4
55011521750001, 4
55011534500001, 4
55011536000001, 4
55011536000002, 4
55011536000003, 4
55011536250001, 4
55011538500001, 4
55011554500001, 4
55011559500001, 4
55011559750001, 4
55011843250001, 4
55013019000001, 2
55013080250001, 4
55013187500001, 2
55013199250001, 2
55013304500001, 2
55013304500002, 2
55013304500003, 6
55013304750001, 2
55013304750002, 2
55013304750003, 2
55013376500001, 2
55013409750001, 2
55013409750002, 2
55013443250001, 2
55013506500001, 2
55013506500002, 2
55013506500003, 2
55013590750001, 2
55013590750002, 2
55013693250001, 2
55013702250001, 2
55013714500001, 2
55013722250001, 2
55013722250002, 2
55013741750001, 2
55013741750002, 3
55013742000001, 5
55013742000002, 2
55013787750001, 2
55013787750002, 4
55013803750001, 2
55013803750002, 2
55013815000001, 2
55013849750001, 4
55013850250001, 4
55013850250002, 2
55013858500001, 2
55013858500002, 2
55013889000001, 2
55013889000002, 2
55013889000003, 2
55015023750012, 1
55015023750013, 1
55015023750014, 1
55015023750026, 1
55015023750044, 1
55015023750045, 1
55015023750046, 2
55015097250001, 1
55015097250002, 1
55015097250003, 1
55015097250004, 1
55015097500001, 1
55015097500002, 2
55015103500001, 7
55015103500002, 1
55015140000001, 1
55015144750001, 1
55015144750002, 1
55015144750003, 1
55015144750004, 1
55015144750005, 1
55015145000001, 1
55015145000002, 1
55015145000003, 1
55015328000001, 1
55015328000002, 0
55015328000003, 6
55015328000004, 1
55015328000005, 1
55015328000006, 1
55015328000007, 4
55015328000008, 1
55015328000009, 1
55015328000010, 1
55015328000011, 1
55015328000012, 7
55015345750001, 1
55015345750002, 1
55015388000011, 4
55015395250001, 1
55015508250016, 1
55015508250017, 6
55015568000001, 7
55015568000002, 7
55015568000003, 1
55015568000004, 1
55015568000005, 1
55015568250001, 1
55015568250002, 1
55015568250003, 1
55015646750001, 1
55015662750001, 1
55015735250001, 7
55015735250002, 1
55015735250003, 1
55015735250004, 1
55015774000001, 1
55015774250001, 1
55015774250002, 1
55015774250003, 7
55015890000001, 1
55017021750001, 2
55017021750002, 4
55017021750003, 2
55017021750004, 4
55017030750001, 2
55017037250001, 2
55017075250001, 2
55017082250001, 4
55017082250002, 4
55017082250003, 4
55017082250004, 4
55017082500001, 3
55017082500002, 2
55017090750001, 4
55017117500001, 4
55017117500002, 4
55017145750001, 2
55017145750002, 1
55017145750003, 0
55017145750004, 4
55017145750005, 2
55017145750006, 4
55017145750007, 4
55017153500001, 2
55017161250001, 2
55017168000001, 4
55017171000001, 5
55017171000002, 2
55017171000003, 2
55017171000004, 2
55017196250001, 0
55017216000001, 4
55017216000002, 4
55017216000003, 7
55017216000004, 2
55017216000005, 2
55017216000005B, 4
55017223000016, 4
55017223000040, 4
55017223000041, 4
55017227500001, 4
55017227500002, 4
55017227500002B, 2
55017243750001, 2
55017297000001, 6
55017297000002, 2
55017297000003, 1
55017321250001, 0
55017360000001, 4
55017409000001, 4
55017409000002, 2
55017409000003, 4
55017409000004, 4
55017409000005, 4
55017409000006, 4
55017409000007, 7
55017409000008, 4
55017409000009, 4
55017415250001, 4
55017415250002, 4
55017415250003, 4
55017415250004, 4
55017415250005, 4
55017415250006, 4
55017415250007, 4
55017415250008, 7
55017415500001, 2
55017415500002, 2
55017563500001, 2
55017699750001, 2
55017712750001, 2
55017738750001, 4
55017738750002, 4
55017766250001, 2
55017766250001B, 2
55017766250002, 2
55017766250003, 2
55017766250004, 2
55017766250006, 2
55017766250007, 2
55017798750001, 4
55017798750002, 4
55017798750003, 4
55017865370001, 4
55017865370002, 4
55017865370003, 1
55017888750001, 5
55017888750002, 4
55019001000002, 2
55019001000003, 2
55019001000004, 2
55019001000005, 2
55019057500001, 2
55019114250001, 4
55019161500002, 2
55019161500003, 2
55019161500004, 2
55019161750001, 2
55019161750002, 1
55019161750003, 4
55019181250001, 2
55019200250001, 4
55019204500001, 2
55019222500001, 2
55019222500002, 1
55019267750001, 4
55019277750001, 4
55019277750002, 2
55019302750001, 4
55019302750002, 2
55019304250001, 4
55019312750001, 4
55019312750002, 2
55019315750001, 2
55019315750002, 2
55019339000001, 4
55019342000001, 4
55019342000002, 4
55019350500001, 5
55019350500002, 2
55019351250001, 2
55019351250002, 1
55019437000001, 4
55019437000002, 4
55019457000001, 3
55019457000002, 2
55019460750001, 4
55019460750002, 4
55019461000001, 4
55019461000002, 4
55019466250001, 4
55019466250002, 4
55019501750001, 2
55019501750002, 2
55019502750001, 4
55019511250001, 4
55019558000001, 2
55019558000002, 4
55019558000003, 3
55019558000004, 4
55019558000005, 4
55019608250001, 0
55019608250002, 4
55019608250003, 2
55019630000001, 4
55019630000002, 4
55019670250001, 2
55019670250002, 2
55019724500001, 4
55019733500001, 4
55019733500002, 4
55019735500001, 4
55019766250005, 2
55019796250001, 2
55019796250002, 2
55019796250003, 3
55019796250004, 6
55019796500001, 2
55019818250001, 4
55019818500001, 2
55019833500001, 4
55019833500002, 2
55019835750001, 4
55019859250001, 4
55019859250002, 4
55019882750001, 2
55019883000001, 2
55019891250001, 2
55019894250001, 4
55019894250002, 4
55021028000001, 0
55021028250001, 6
55021119000001, 0
55021119000002, 0
55021122000001, 0
55021164500001, 7
55021164500002, 0
55021164500003, 0
55021164500004, 0
55021164500005, 0
55021164500006, 0
55021164500007, 0
55021164500008, 0
55021164750001, 2
55021173250001, 5
55021193750001, 0
55021193750002, 0
55021193750003, 0
55021207750001, 0
55021251500001, 5
55021251500002, 5
55021267250001, 5
55021268750001, 5
55021268750002, 6
55021280000001, 3
55021323750001, 0
55021431250001, 0
55021431250002, 0
55021437750001, 5
55021437750002, 0
55021453500001, 5
55021453500002, 0
55021453500003, 0
55021453500004, 0
55021453500005, 5
55021453500006, 5
55021453750001, 5
55021453750002, 5
55021453750003, 0
55021453750004, 0
55021453750005, 0
55021460500001, 0
55021460500002, 4
55021491500001, 0
55021491500002, 0
55021570250001, 2
55021606870001, 0
55021609250001, 0
55021609250002, 0
55021609250003, 0
55021609250004, 0
55021611000001, 0
55021611000002, 0
55021611000003, 0
55021641000001, 0
55021641000002, 0
55021641000003, 0
55021641000004, 0
55021641000005, 0
55021641000006, 0
55021641000007, 0
55021641000008, 0
55021641000009, 0
55021641000010, 0
55021649000001, 0
55021649000002, 0
55021649000003, 0
55021649000004, 2
55021661500003, 5
55021661750001, 4
55021681000001, 0
55021681000002, 0
55021722500001, 0
55021762250001, 0
55021762250002, 0
55021861000001, 0
55021861000002, 5
55021861000003, 5
55021881500001, 0
55021881500002, 0
55021881500003, 0
55021881500006, 0
55021893000001, 0
55021893250001, 0
55021893250002, 0
55023062250001, 4
55023095500001, 4
55023150750001, 4
55023150750002, 2
55023150750003, 5
55023198500002, 4
55023219000001, 4
55023219250001, 4
55023219250002, 4
55023257250001, 4
55023277000001, 4
55023284500001, 4
55023325000001, 4
55023466750001, 4
55023492750001, 5
55023549000001, 4
55023650500001, 5
55023650500002, 4
55023650500003, 4
55023650500004, 4
55023650500005, 4
55023650500006, 4
55023650500007, 5
55023650750001, 0
55023650750002, 5
55023722750001, 5
55023725000001, 4
55023745500001, 5
55023771750001, 5
55023821000001, 4
55023847250001, 4
55023847500001, 4
55023847500002, 0
55025008750001, 5
55025008750002, 5
55025063000001, 0
55025063000002, 5
55025070250001, 5
55025070250002, 5
55025078000001, 5
55025078000002, 0
55025078250001, 5
55025083500001, 0
55025083500002, 1
55025083500003, 2
55025084750001, 5
55025085000001, 5
55025097750001, 1
55025097750002, 0
55025097750003, 0
55025097750004, 0
55025100750001, 5
55025111500001, 2
55025111500002, 4
55025111500003, 0
55025111500004, 7
55025122250002, 4
55025122250003, 3
55025146500001, 6
55025146500002, 5
55025171750001, 5
55025171750002, 5
55025171750003, 5
55025171750004, 5
55025171750005, 5
55025171750006, 5
55025171750007, 5
55025171750008, 5
55025171750009, 5
55025172000001, 5
55025172000002, 1
55025172000003, 5
55025172000004, 5
55025172000005, 5
55025172000006, 5
55025172000007, 5
55025177750001, 0
55025177750002, 5
55025177750003, 5
55025177750004, 5
55025178000001, 5
55025178000002, 5
55025187000001, 0
55025187250001, 0
55025192500001, 2
55025192500002, 2
55025192500003, 2
55025192750001, 3
55025192750002, 0
55025193500001, 0
55025193500002, 0
55025193500003, 5
55025193500004, 0
55025193500005, 0
55025193500006, 0
55025193500007, 0
55025193500008, 0
55025193500009, 0
55025193500010, 0
55025193500011, 5
55025193500012, 7
55025211000001, 0
55025211000001B, 4
55025211000002, 5
55025211000003, 7
55025211000004, 5
55025211000005, 5
55025211000006, 5
55025211250001, 5
55025211250002, 5
55025211250003, 5
55025211250004, 5
55025211250005, 5
55025211250006, 5
55025211250007, 5
55025225750001, 5
55025259500001, 0
55025259500002, 0
55025259500003, 0
55025259500004, 0
55025259500005, 5
55025259500006, 5
55025259500007, 0
55025259500008, 0
55025259500009, 5
55025259500010, 0
55025259500011, 0
55025259500012, 0
55025259500013, 0
55025259500014, 0
55025259500015, 5
55025259500016, 5
55025259500017, 0
55025259500018, 0
55025259500019, 0
55025468500001, 5
55025468500002, 5
55025468500003, 5
55025468500004, 5
55025468500005, 5
55025468500006, 5
55025468500007, 5
55025468500008, 5
55025468500009, 5
55025468500010, 5
55025480000001, 3
55025480000002, 0
55025480000003, 0
55025480000004, 0
55025480000005, 0
55025480000006, 0
55025480000007, 0
55025480000008, 0
55025480000009, 0
55025480000010, 0
55025480000011, 0
55025480000012, 0
55025480000013, 0
55025480000014, 0
55025480000015, 0
55025480000016, 0
55025480000017, 0
55025480000018, 0
55025480000019, 0
55025480000020, 0
55025480000021, 0
55025480000022, 0
55025480000023, 4
55025480000024, 0
55025480000025, 0
55025480000026, 0
55025480000027, 0
55025480000028, 0
55025480000029, 0
55025480000030, 0
55025480000031, 0
55025480000032, 0
55025480000033, 0
55025480000034, 0
55025480000035, 0
55025480000036, 0
55025480000037, 0
55025480000038, 0
55025480000039, 0
55025480000040, 0
55025480000041, 0
55025480000042, 0
55025480000043, 0
55025480000044, 0
55025480000045, 0
55025480000046, 0
55025480000047, 0
55025480000048, 0
55025480000049, 0
55025480000050, 0
55025480000051, 0
55025480000052, 0
55025480000053, 0
55025480000054, 0
55025480000055, 0
55025480000056, 0
55025480000057, 0
55025480000058, 0
55025480000059, 0
55025480000060, 0
55025480000061, 0
55025480000062, 0
55025480000063, 0
55025480000064, 0
55025480000065, 0
55025480000066, 0
55025480000067, 0
55025480000068, 0
55025480000069, 0
55025480000070, 0
55025480000071, 1
55025480000072, 0
55025480000073, 0
55025480000074, 0
55025480000075, 0
55025480000076, 0
55025480000077, 0
55025480000078, 0
55025480000079, 0
55025480000080, 0
55025480000081, 0
55025480000082, 0
55025480000083, 0
55025480000084, 0
55025480000085, 0
55025480000086, 0
55025480000087, 0
55025480000088, 0
55025480000089, 0
55025480000090, 0
55025480000091, 0
55025480000092, 0
55025480000093, 0
55025480000094, 0
55025480000095, 0
55025480000096, 0
55025480000097, 0
55025480000098, 0
55025480000099, 0
55025480000100, 0
55025480000101, 0
55025480000102, 0
55025480000103, 0
55025480000104, 0
55025480000105, 0
55025480000106, 0
55025480000107, 0
55025480000108, 0
55025480000109, 0
55025480000110, 0
55025480000111, 0
55025480250001, 0
55025480250002, 0
55025480250003, 7
55025480250004, 0
55025480250005, 0
55025480250006, 4
55025480250007, 5
55025480250008, 5
55025480250009, 0
55025487500001, 1
55025487500002, 0
55025495750001, 5
55025495750002, 5
55025495750003, 0
55025495750004, 1
55025495750005, 5
55025502250001, 5
55025502250002, 5
55025502250003, 5
55025502500001, 5
55025502500002, 0
55025504750001, 5
55025504750002, 5
55025515750001, 0
55025515750002, 5
55025515750003, 5
55025515750004, 0
55025515750005, 0
55025515750006, 0
55025515750007, 5
55025515750008, 0
55025515750009, 0
55025515750010, 5
55025515750011, 0
55025515750012, 0
55025515750013, 0
55025515750014, 0
55025515750015, 0
55025515750016, 0
55025515750017, 0
55025515750018, 5
55025515750019, 0
55025516000001, 0
55025516000002, 3
55025516000003, 1
55025516000004, 1
55025516000005, 5
55025516000006, 7
55025516000007, 5
55025516000008, 1
55025536750001, 0
55025536750002, 0
55025536750003, 0
55025536750004, 0
55025536750005, 0
55025536750006, 0
55025536750007, 0
55025536750008, 2
55025536750009, 0
55025536750010, 0
55025541000001, 0
55025541000002, 0
55025547250001, 5
55025547250002, 5
55025547250003, 5
55025547250004, 5
55025547250005, 5
55025547250006, 5
55025547250007, 5
55025547250008, 5
55025602000001, 5
55025602000002, 5
55025602000003, 5
55025602000004, 5
55025602000005, 5
55025602000006, 5
55025602000007, 0
55025602000008, 5
55025602000009, 0
55025602000010, 5
55025602000011, 0
55025602000012, 5
55025602250001, 5
55025602250002, 5
55025602250003, 0
55025602250004, 3
55025620500001, 0
55025633750001, 5
55025633750002, 5
55025633750003, 5
55025633750004, 5
55025655750001, 0
55025687250001, 7
55025698500001, 0
55025698500002, 0
55025704000001, 5
55025704000002, 5
55025737500001, 0
55025737500002, 0
55025758500001, 4
55025758500002, 5
55025758750001, 0
55025758750002, 0
55025758750003, 0
55025776750001, 5
55025776750002, 5
55025776750003, 5
55025776750004, 5
55025776750005, 6
55025776750006, 5
55025776750007, 5
55025776750008, 3
55025786000001, 5
55025786000002, 5
55025786000003, 0
55025786000004, 0
55025786000005, 0
55025786000006, 0
55025786000007, 0
55025786000008, 0
55025786000009, 0
55025786000010, 0
55025786000011, 0
55025786000012, 4
55025786000013, 0
55025786000014, 0
55025786000015, 0
55025786000016, 0
55025786000017, 0
55025786000018, 0
55025786000019, 0
55025786250001, 5
55025786250002, 5
55025786250003, 0
55025825250001, 5
55025826000001, 5
55025826000002, 5
55025826000003, 5
55025826000004, 5
55025826000005, 5
55025826000006, 5
55025826000007, 5
55025826000008, 5
55025826000009, 5
55025826250001, 4
55025826250002, 1
55025826250003, 5
55025826250004, 5
55025827500001, 5
55025827500002, 5
55025843500001, 5
55025843500002, 5
55025843500003, 0
55025843500004, 0
55025843500005, 0
55025843500006, 0
55025843500007, 0
55025843500008, 0
55025843500009, 0
55025843500010, 0
55025861250001, 3
55025861250002, 0
55025861250003, 3
55025861250004, 0
55025861250005, 0
55025877500001, 7
55025877500002, 0
55025877500003, 0
55025877500004, 0
55025877500005, 0
55025877500006, 0
55025877500007, 0
55025877500008, 0
55025877500009, 0
55025877500010, 0
55025894500001, 5
55027032000001, 5
55027032000002, 5
55027032000003, 7
55027032000004, 5
55027059000001, 5
55027059000002, 5
55027059000003, 5
55027059000004, 5
55027059000005, 5
55027059000006, 5
55027059000007, 5
55027059000008, 5
55027059000009, 5
55027059000010, 5
55027059000011, 5
55027059000012, 5
55027059000013, 5
55027059000014, 5
55027059250001, 5
55027059250002, 5
55027059250003, 5
55027059250004, 5
55027059250005, 5
55027059250006, 5
55027059250007, 5
55027059250008, 5
55027059250009, 5
55027059250010, 5
55027059250011, 5
55027104500001, 7
55027112750001, 5
55027112750002, 5
55027118500001, 5
55027118500002, 5
55027143000001, 7
55027143000002, 5
55027159000001, 0
55027159250001, 3
55027164500009, 3
55027230000001, 5
55027240000001, 1
55027240000002, 5
55027270000001, 0
55027270000002, 0
55027270000003, 0
55027270250001, 0
55027270250002, 5
55027270250003, 0
55027270250004, 5
55027330000018, 7
55027340000001, 3
55027340000002, 7
55027357500001, 4
55027357500002, 0
55027357500003, 0
55027357500004, 0
55027357500005, 4
55027357500006, 7
55027361000001, 3
55027361000002, 3
55027361000003, 3
55027361000004, 0
55027361000005, 4
55027361000006, 0
55027366250001, 3
55027366250002, 3
55027366500001, 3
55027366500002, 3
55027371500001, 3
55027386750001, 0
55027386750002, 0
55027386750003, 6
55027389000001, 2
55027430500001, 7
55027430500002, 5
55027436500001, 5
55027436500002, 0
55027454750001, 7
55027454750002, 0
55027454750003, 7
55027455000001, 7
55027455000002, 6
55027455000003, 7
55027459500001, 5
55027459750001, 5
55027459750002, 0
55027459750003, 5
55027459750004, 5
55027502000001, 7
55027502000002, 0
55027502000003, 0
55027502000004, 0
55027502000005, 0
55027502000006, 5
55027502000007, 0
55027560750001, 3
55027590000001, 5
55027590000002, 3
55027590000003, 5
55027590000004, 5
55027590000005, 0
55027590000006, 3
55027643750001, 5
55027643750002, 5
55027661500001, 5
55027661500002, 5
55027669000001, 5
55027699620001, 7
55027699620002, 3
55027699620003, 0
55027735750001, 5
55027793750001, 3
55027793750002, 3
55027793750003, 7
55027794250001, 3
55027794250002, 7
55027794250003, 7
55027794250004, 7
55027794250005, 7
55027794250006, 7
55027794250007, 7
55027805250001, 0
55027805250002, 1
55027839750001, 5
55027839750002, 5
55027839750003, 5
55027839750004, 7
55027839750005, 7
55027839750006, 5
55027839750007, 5
55027844250001, 5
55027844250002, 0
55027844250003, 5
55027844250004, 5
55027844250005, 5
55027844250006, 5
55027844250007, 5
55027844250008, 5
55027856500001, 5
55027856500002, 5
55027856500003, 5
55027856500004, 0
55027872250001, 5
55027872250002, 6
55027872250003, 7
55029043250001, 1
55029043250002, 3
55029107000001, 1
55029107000002, 1
55029150250001, 1
55029228500001, 1
55029228750001, 1
55029228750002, 3
55029228750003, 1
55029241500001, 6
55029266250001, 1
55029266500001, 1
55029266500002, 1
55029283000001, 1
55029283000002, 6
55029289500001, 4
55029289500002, 5
55029377500001, 1
55029377500002, 1
55029439250001, 1
55029439250002, 2
55029439250003, 4
55029555000001, 4
55029555000002, 1
55029555000003, 5
55029726000001, 1
55029726000002, 1
55029726000003, 1
55029726000004, 2
55029726000005, 1
55029742250001, 5
55029778750001, 1
55029778750002, 1
55029778750003, 1
55029778750004, 1
55029778750005, 1
55029778750006, 1
55029778750007, 1
55029778750008, 1
55029778750009, 1
55029778750010, 5
55029778750011, 1
55029778750012, 7
55029778750013, 1
55029778750014, 1
55029778750015, 1
55029778750016, 1
55029778750017, 1
55029778750018, 1
55029778750019, 1
55029778750020, 1
55029778750021, 5
55029778750022, 1
55029778750023, 1
55029778750024, 1
55029778750025, 1
55029778750026, 1
55029778750027, 1
55029778750028, 1
55029779000001, 1
55029779000002, 1
55029815250001, 1
55029836000001, 5
55031018250001, 2
55031018250002, 2
55031067750001, 2
55031105750001, 2
55031105750002, 2
55031158250001, 2
55031184250001, 2
55031299250001, 2
55031333500001, 2
55031333500002, 2
55031344250001, 2
55031417250001, 2
55031417250002, 2
55031418000001, 2
55031487250001, 2
55031591000001, 2
55031591000002, 2
55031598000001, 7
55031612500001, 2
55031612500002, 2
55031639750001, 2
55031745750001, 2
55031746000001, 2
55031746000002, 2
55031746000003, 2
55031782750001, 2
55031782750002, 2
55031786500001, 5
55031786500002, 2
55031786500003, 2
55031786500004, 2
55031786500005, 2
55031786500006, 3
55031786500007, 2
55031786500008, 2
55031786500009, 2
55031786500010, 2
55031786500011, 2
55031786500012, 2
55031786500013, 2
55031786500014, 2
55031786500015, 2
55031786500016, 2
55031786500017, 2
55031786500018, 2
55031786500019, 2
55031786500020, 2
55031786500021, 2
55031786500022, 2
55031786500023, 2
55031786500024, 2
55031786500025, 2
55031786500026, 2
55031786500027, 2
55031786500028, 7
55031786500029, 2
55031786500030, 3
55031786500031, 2
55031786500032, 2
55031786600001, 2
55031786750001, 0
55031786750002, 2
55031835120001, 2
55033090500001, 4
55033162750001, 4
55033162750002, 4
55033163000001, 4
55033163000002, 4
55033163000003, 4
55033206750001, 4
55033211500001, 4
55033211500002, 4
55033223750001, 4
55033233250001, 4
55033233500001, 4
55033233500002, 4
55033233500003, 4
55033303000001, 4
55033303000002, 4
55033334000001, 4
55033334000002, 4
55033399750001, 4
55033461750001, 4
55033510250001, 4
55033510250002, 4
55033510250003, 4
55033510250004, 4
55033510250005, 4
55033510250006, 4
55033510250007, 4
55033510250008, 4
55033510250009, 4
55033510250010, 4
55033510250011, 5
55033510500001, 4
55033510500002, 4
55033510500003, 4
55033567750001, 4
55033607250001, 4
55033621250001, 4
55033665500001, 4
55033665500002, 4
55033665500003, 4
55033678000001, 4
55033687000001, 4
55033714250001, 4
55033733000001, 4
55033733750001, 4
55033757500001, 4
55033757500002, 4
55033766500001, 4
55033789750001, 4
55033789750002, 4
55033789750003, 4
55033797750001, 6
55033797750002, 4
55033859750001, 4
55033859750002, 4
55033865750001, 4
55033873750001, 4
55035015500001, 4
55035015500002, 4
55035015500003, 4
55035015500004, 4
55035015500005, 4
55035015500006, 4
55035015500007, 4
55035015500008, 4
55035015500009, 4
55035015500010, 4
55035015500011, 4
55035038250001, 4
55035038250002, 4
55035038250003, 4
55035038250004, 4
55035038250005, 4
55035095000001, 7
55035095000002, 2
55035106250001, 4
55035106250002, 4
55035152000001, 4
55035152000002, 4
55035208000001, 4
55035223000001, 4
55035223000002, 4
55035223000003, 4
55035223000004, 4
55035223000005, 4
55035223000006, 4
55035223000007, 4
55035223000008, 4
55035223000009, 4
55035223000010, 4
55035223000011, 6
55035223000012, 4
55035223000013, 4
55035223000014, 4
55035223000015, 4
55035223000017, 4
55035223000018, 5
55035223000019, 4
55035223000020, 4
55035223000021, 4
55035223000022, 4
55035223000023, 4
55035223000024, 4
55035223000025, 4
55035223000026, 4
55035223000027, 4
55035223000028, 4
55035223000029, 4
55035223000030, 4
55035223000031, 4
55035223000032, 4
55035223000033, 7
55035223000034, 4
55035223000035, 4
55035223000036, 4
55035223000037, 4
55035223000038, 4
55035223000039, 4
55035223000042, 4
55035223000043, 4
55035223000044, 4
55035223000045, 4
55035223000046, 4
55035223000047, 4
55035223000048, 4
55035223000048B, 4
55035223000049, 4
55035223000050, 4
55035223000051, 4
55035223000053, 4
55035223000054, 4
55035248250001, 4
55035248500001, 4
55035251250001, 5
55035443500001, 4
55035443500002, 4
55035462750001, 4
55035607500001, 4
55035634000001, 4
55035634000002, 4
55035634000003, 4
55035634000004, 4
55035726750001, 5
55035726750002, 4
55035726750003, 5
55035726750004, 4
55035726750005, 4
55035726750006, 4
55035815500001, 6
55035815500002, 4
55035815500003, 4
55035815500004, 3
55035836120001, 0
55035836120002, 4
55035836120003, 4
55035836120004, 3
55035836120005, 4
55035836120006, 4
55035836120007, 4
55035836120008, 4
55035836120009, 4
55035836120010, 4
55035836120011, 4
55035836120012, 5
55035836120013, 4
55035874000001, 4
55037038750001, 2
55037038750002, 2
55037038750003, 2
55037165500001, 2
55037165500002, 2
55037165500003, 2
55037255750001, 2
55037256750001, 2
55037262000001, 2
55037262000002, 2
55037262000003, 2
55037262000004, 4
55037262000005, 2
55037262000006, 2
55037262000007, 7
55037356000001, 2
55037456250001, 2
55037799750001, 2
55039015250001, 0
55039015250002, 0
55039031500001, 0
55039031500002, 7
55039031500003, 7
55039037500001, 7
55039037500002, 7
55039037500003, 7
55039093000001, 0
55039116000001, 7
55039116000002, 7
55039120750001, 1
55039120750002, 7
55039123250001, 0
55039123250002, 7
55039123250003, 7
55039123250004, 7
55039224750001, 7
55039225000001, 1
55039225000002, 1
55039231500001, 4
55039231500002, 0
55039231500003, 0
55039240500001, 1
55039240500002, 1
55039240500003, 1
55039240500004, 1
55039250750001, 0
55039262750001, 7
55039262750002, 7
55039262750003, 7
55039262750004, 7
55039262750005, 0
55039262750006, 7
55039262750007, 3
55039262750008, 7
55039262750009, 7
55039262750010, 7
55039262750011, 7
55039262750012, 7
55039262750013, 7
55039262750014, 7
55039262750015, 7
55039262750016, 7
55039262750017, 7
55039262750018, 7
55039262750019, 7
55039262750020, 7
55039262750021, 7
55039262750022, 7
55039262750023, 7
55039262750024, 7
55039262750025, 7
55039262750026, 7
55039262750027, 7
55039263000001, 3
55039263000002, 4
55039263000003, 7
55039263000004, 2
55039263000005, 7
55039263000006, 7
55039263000007, 0
55039263000008, 6
5503926300001A, 6
55039264500001, 5
55039264500002, 1
55039279750001, 3
55039279750002, 5
55039279750003, 1
55039393000006, 7
55039421250001, 0
55039421250002, 0
55039496500001, 1
55039496500002, 7
55039514500001, 0
55039514500002, 0
55039546500001, 1
55039580000001, 6
55039580000002, 6
55039580000003, 4
55039580000004, 6
55039580000005, 6
55039580000006, 6
55039589000001, 7
55039589000002, 7
55039589250001, 0
55039589250002, 5
55039604250001, 1
55039604250002, 1
55039681750001, 0
55039681750002, 0
55039681750003, 0
55039681750004, 0
55039681750005, 0
55039681750006, 0
55039681750007, 0
55039681750008, 0
55039681750009, 0
55039681750010, 0
55039681750011, 0
5503968175007A, 0
55039682000001, 1
55039682000002, 0
55039695250001, 0
55039695250002, 0
55039695500002, 0
55039705000001, 7
55039762500001, 0
55039791250001, 1
55039791250002, 1
55039791250003, 1
55039791250004, 1
55039791250005, 1
55039844250009, 0
55039844250010, 0
55039844250011, 5
55039844250012, 3
5503984425009A, 0
5503984425009B, 0
55039844500001, 0
55039844500002, 1
55041016250001, 2
55041026250001, 2
55041026250002, 2
55041026250003, 2
55041029500001, 2
55041079500001, 2
55041131250001, 2
55041174250001, 2
55041174250002, 2
55041174250003, 2
55041174250004, 2
55041174500001, 2
55041174500002, 2
55041174500003, 2
55041276000001, 2
55041346500001, 2
55041425000001, 2
55041425000002, 2
55041425000003, 2
55041443750001, 2
55041443750002, 2
55041443750003, 2
55041555750001, 2
55041555750002, 2
55041555750003, 2
55041640500001, 2
55041696250001, 2
55041830250001, 2
55041830250002, 2
55041830250003, 2
55041830250004, 2
55041830250005, 2
55043042500001, 5
55043061000001, 5
55043083750001, 6
55043084000001, 5
55043085250001, 5
55043088500001, 0
55043088500002, 0
55043088500003, 5
55043088500004, 5
55043088750001, 5
55043088750002, 2
55043130500001, 4
55043130500002, 3
55043130750001, 5
55043131000001, 5
55043155000001, 5
55043155000002, 5
55043179500001, 5
55043179500002, 5
55043179500003, 5
55043179500004, 5
55043201750001, 5
55043201750002, 5
55043234000001, 5
55043256000001, 5
55043256000002, 5
55043256000003, 5
55043256000004, 5
55043256250001, 5
55043256250002, 5
55043295250001, 5
55043328250001, 5
55043335000001, 5
55043335000002, 5
55043335250001, 5
55043335250002, 5
55043343000001, 5
55043378000001, 5
55043378000002, 5
55043378000003, 5
55043422500001, 5
55043422500002, 5
55043422500003, 5
55043422500004, 5
55043422500005, 5
55043422500006, 5
55043438250001, 5
55043440500001, 5
55043450250001, 5
55043453250001, 5
55043493500001, 5
55043521500001, 4
55043539500001, 5
55043546750001, 4
55043547000001, 4
55043547750001, 5
55043552000001, 5
55043552000002, 5
55043552250001, 2
55043581250001, 5
55043581250002, 5
55043611500001, 5
55043611500002, 5
55043614250001, 5
55043614500001, 4
55043632500001, 5
55043632500002, 5
55043632500003, 5
55043632500004, 5
55043632500005, 6
55043632500006, 5
55043632500007, 5
55043632500008, 5
55043632750001, 5
55043632750002, 5
55043632750003, 5
55043646250001, 5
55043646500001, 4
55043744500001, 5
55043744500002, 5
55043750750001, 5
55043750750002, 4
55043750750003, 2
55043792500002, 5
55043839000001, 5
55043840750001, 5
55043840750002, 5
55043878000001, 5
55043888250001, 5
55043888500001, 5
55043892500001, 5
55045003250001, 0
55045007500001, 5
55045007500002, 5
55045007750001, 5
55045007750002, 5
55045063000003, 5
55045099250001, 5
55045099250002, 5
55045099250003, 5
55045099250004, 5
55045099250005, 5
55045099250006, 5
55045100750002, 5
55045101000001, 5
55045101000002, 5
55045101000003, 5
55045104750001, 5
55045117250001, 5
55045150000001, 5
55045150000002, 5
55045190750001, 5
55045190750002, 5
55045190750003, 5
55045247250001, 5
55045247250002, 5
55045247250003, 7
55045247250004, 5
55045378750001, 5
55045378750002, 5
55045385500001, 5
55045537500001, 5
55045537500002, 5
55045537500003, 5
55045537500004, 5
55045537500005, 5
55045537500006, 5
55045537500007, 5
55045537500008, 5
55045537500009, 5
55045537750001, 5
55045537750002, 5
55045540000001, 4
55045540000002, 1
55045548500001, 2
55045548500002, 5
55045548500003, 5
55045567000001, 5
55045567000002, 5
55045567000003, 5
55045567000004, 5
55045567250001, 5
55045567250002, 5
55045760750001, 5
55045788750001, 5
55045788750002, 5
55045836250001, 5
55045894750001, 0
55047069250001, 1
55047069250002, 0
55047069250003, 0
55047069250004, 0
55047069250005, 1
55047069250006, 0
55047069500001, 0
55047069500002, 6
55047069500003, 0
55047101250001, 5
55047101250002, 0
55047101250003, 4
55047313000001, 4
55047313000002, 4
55047313000003, 0
55047313500001, 0
55047313500002, 0
55047397500001, 0
55047397750001, 0
55047397750002, 0
55047468750001, 0
55047484000001, 0
55047494500001, 0
55047494500002, 0
55047494500003, 4
55047495000001, 0
55047495250001, 0
55047656000001, 0
55047656000002, 0
55047656000003, 0
55047656000004, 0
55047656250001, 0
55047656250002, 0
55047656250003, 0
55047656250004, 0
55047709250001, 0
55047709250002, 0
55047725250001, 0
55049025500001, 5
55049025750001, 5
55049025750002, 5
55049040250001, 5
55049047750001, 5
55049047750002, 5
55049081250002, 5
55049096000001, 5
55049096000002, 5
55049158750001, 5
55049159750001, 5
55049203500001, 5
55049203500002, 5
55049203500003, 5
55049203500004, 5
55049203500005, 5
55049203500006, 5
55049203500007, 5
55049203500008, 5
55049203500009, 5
55049203500010, 5
55049203750001, 3
55049203750002, 5
55049203750003, 5
55049203750004, 5
55049225250001, 5
55049344500001, 5
55049344750001, 5
55049344750002, 5
55049354000001, 5
55049446250001, 5
55049446500001, 5
55049446500002, 5
55049446500003, 5
55049453250002, 5
55049517250001, 5
55049517250002, 5
55049531000001, 5
55049531000002, 5
55049531000003, 1
55049531000004, 5
55049531000005, 5
55049531000006, 5
55049531250001, 5
55049531250002, 5
55049539500002, 0
55049539500002B, 5
55049544250001, 5
55049544250002, 5
55049552000003, 1
55049657000001, 5
55049671000001, 5
55049678750001, 5
55049679000001, 5
55049679000002, 5
55049831500001, 5
55049831500002, 5
55049893500001, 5
55049893500002, 5
55051019250001, 2
55051125250001, 2
55051318750001, 2
55051365250001, 2
55051365250002, 2
55051365250003, 2
55051365250004, 2
55051396250001, 2
55051400750001, 2
55051512000001, 2
55051512000002, 2
55051512000003, 2
55051512000004, 2
55051540750001, 2
55051540750002, 2
55051598500001, 2
55051618250001, 2
55051718750001, 1
55051734000001, 2
55053003500001, 2
55053003500002, 7
55053003500003, 4
55053009000001, 4
55053009000002, 4
55053009000003, 4
55053009000004, 4
55053012750001, 3
55053012750002, 4
55053012750003, 6
55053012750004, 4
55053012750005, 4
55053013000001, 4
55053055500001, 4
55053079000001, 4
55053079000002, 4
55053079000003, 5
55053079000004, 4
55053099000001, 4
55053099000002, 4
55053099000003, 4
55053099000004, 7
55053099000005, 4
55053099000006, 4
55053148000001, 4
55053153750001, 4
55053180750001, 4
55053272250001, 4
55053282500001, 4
55053283250001, 4
55053350750001, 4
55053351000001, 4
55053351000002, 4
55053372750001, 4
55053372750002, 4
55053372750003, 4
55053400000001, 4
55053403250001, 4
55053484250001, 4
55053507500001, 4
55053507750001, 4
55053513000001, 6
55053520500001, 4
55053577750001, 4
55053579750001, 4
55053759000001, 4
55053791500001, 4
55055041250001, 5
55055041250002, 1
55055122250001, 5
55055162250001, 1
55055166500001, 5
55055166500002, 5
55055166500003, 5
55055253000001, 5
55055253000002, 5
55055266750001, 5
55055266750002, 5
55055266750003, 5
55055266750004, 5
55055266750005, 2
55055266750006, 5
55055266750007, 5
55055266750008, 5
55055266750009, 5
55055337000001, 5
55055337000002, 3
55055376000001, 5
55055376000002, 3
55055376000003, 5
55055376000004, 5
55055376000005, 3
55055376000006, 5
55055379000001, 3
55055379000002, 3
55055379000003, 5
55055379000004, 3
55055379000005, 5
55055379000006, 5
55055379000007, 5
55055379000008, 5
55055379000009, 5
55055379000010, 5
55055379250001, 3
55055379250002, 3
55055379250003, 3
55055383500001, 5
55055383500002, 5
55055383500003, 5
55055403750001, 5
55055403750002, 3
55055403750003, 5
55055403750004, 5
55055403750005, 4
55055403750006, 5
55055407500002, 3
55055416750001, 4
55055416750002, 7
55055416750003, 5
55055416750004, 7
55055416750005, 5
55055416750006, 5
55055416750007, 5
55055416750008, 5
55055417000001, 1
55055417000002, 5
55055417000003, 2
55055518500001, 5
55055518500002, 5
55055591250001, 3
55055591250002, 5
55055591250003, 5
55055591250004, 5
55055610250001, 3
55055610250002, 5
55055610500001, 5
55055610500002, 5
55055781750001, 5
55055782000001, 3
55055782000002, 5
55055782000003, 5
55055784750001, 5
55055839250001, 3
55055839250002, 5
55055839250003, 5
55055839250004, 5
55055839250005, 5
55055839500001, 5
55055839750008, 1
55055839750009, 5
55055839750010, 5
55055839750011, 5
55055839750012, 5
55055839750013, 5
55055839750014, 5
55055839750015, 5
55055839750016, 7
55055839750017, 7
55055839750018, 5
55055840000001, 7
55055840000002, 5
55055869250010, 5
55055869250011, 1
55055869250012, 5
55057028500001, 4
55057123500001, 4
55057152250001, 4
55057152250002, 5
55057182250001, 4
55057238000001, 4
55057238000002, 4
55057238000003, 4
55057238000004, 5
55057238000005, 4
55057238000006, 4
55057238000007, 4
55057258500001, 4
55057268250001, 4
55057268250002, 4
55057288500001, 4
55057288500002, 0
55057288500003, 4
55057366750001, 4
55057395750001, 4
55057398000001, 4
55057433000001, 0
55057433000002, 4
55057433000003, 4
55057433000004, 0
55057446750001, 2
55057448250001, 7
55057448250002, 4
55057448250003, 4
55057465250001, 0
55057465250002, 0
55057465250003, 0
55057466000001, 0
55057493750001, 0
55057500250001, 5
55057500250002, 4
55057500250003, 4
55057500250004, 4
55057500250005, 4
55057500250006, 4
55057500250007, 5
55057557000001, 4
55057557250001, 4
55057557250002, 4
55057557250003, 4
55057557250004, 4
55057569000001, 4
55057569000002, 4
55057569000003, 4
55057569000004, 4
55057569000005, 4
55057569000006, 4
55057569000007, 4
55057601500001, 4
55057636500001, 4
55057726250001, 4
55057726250002, 4
55057783000001, 4
55057817250001, 5
55057881500007, 0
55057885000001, 4
55057885250001, 5
55057885250002, 3
55059096350001, 6
55059096350002, 6
55059096350003, 7
55059096350004, 6
55059098000001, 7
55059098000002, 6
55059098000003, 6
55059098000004, 6
55059098000005, 6
55059098000006, 6
55059098000007, 6
55059098000008, 6
55059286750005, 3
55059392250001, 6
55059392250002, 6
55059392250003, 6
55059392250004, 6
55059392250005, 5
55059392250006, 6
55059392250007, 6
55059392250008, 6
55059392250009, 6
55059392250010, 6
55059392250011, 6
55059392250012, 6
55059392250013, 6
55059392250014, 6
55059392250015, 6
55059392250016, 7
55059392250017, 5
55059392250018, 6
55059392250019, 6
55059392250020, 6
55059392250021, 6
55059392250022, 6
55059392250023, 6
55059392250024, 6
55059392250025, 6
55059392250026, 6
55059392250027, 6
55059392250028, 6
55059392250029, 6
55059392250030, 6
55059392250031, 6
55059392250032, 6
55059392250033, 6
55059392250034, 6
55059392250035, 6
55059392250036, 6
55059392250037, 6
55059392250038, 6
55059392250039, 6
55059392250040, 6
55059392250041, 6
55059392250042, 6
55059392250043, 6
55059392250044, 6
55059392250045, 6
55059392250046, 6
55059392250047, 6
55059392250048, 6
55059392250049, 6
55059392250050, 6
55059392250051, 6
55059392250052, 6
55059392250053, 6
55059392250054, 6
55059392250055, 6
55059392250056, 6
55059392250057, 6
55059392250058, 6
55059392250059, 6
55059392250060, 6
55059392250061, 6
55059392250062, 6
55059392250063, 6
55059392250064, 6
55059392250065, 2
55059392250066, 6
55059392250067, 6
55059392250068, 6
55059392250069, 6
55059392250070, 6
55059392250071, 6
55059392250072, 3
55059392250073, 6
55059392250074, 6
55059392250075, 0
55059392250076, 6
55059392250077, 6
55059392250078, 6
55059392250079, 6
55059392250080, 6
55059392250081, 6
55059392250082, 6
55059392250083, 6
55059392250084, 6
55059392250085, 6
55059392250086, 6
55059392250087, 6
55059392250088, 2
55059609750001, 6
55059609750002, 6
55059609750003, 6
55059609750004, 6
55059609750005, 6
55059609750006, 6
55059611750001, 6
55059611750002, 6
55059633000001, 6
55059633000002, 6
55059633000003, 6
55059633000004, 6
55059633000005, 6
55059633000006, 6
55059633000007, 6
55059633000008, 6
55059633000009, 6
55059633000010, 6
55059633000011, 6
55059633000012, 1
55059633000013, 6
55059633000014, 6
55059661250001, 6
55059661250002, 7
55059661250003, 6
55059661250004, 5
55059661250005, 6
55059661250006, 6
55059661250007, 6
55059711250001, 6
55059711250002, 6
55059711250003, 3
55059711250004, 6
55059711250005, 6
55059711250006, 6
55059711250007, 6
55059711250008, 5
55059711250009, 5
55059711250010, 5
55059740250001, 5
55059740250002, 5
55059740250003, 6
55059746500001, 6
55059746500002, 4
55059746500003, 6
55059746500004, 6
55059746500005, 6
55059746500006, 6
55059746500007, 6
55059746500008, 6
55059746500009, 6
55059746500010, 2
55059746500011, 6
55059746500012, 6
55059746500013, 5
55059812500001, 5
55059812500002, 6
55059812500003, 6
55059812500004, 6
55059812500005, 6
55059812500006, 6
55059812500007, 6
55059812500008, 6
55059865000001, 6
55059865000002, 6
55059865000003, 6
55059865000004, 6
55059865000005, 6
55059865000006, 6
55061006000001, 1
55061010000001, 5
55061010000002, 1
55061010000003, 1
55061010000004, 1
55061010000005, 1
55061010000006, 1
55061125750001, 1
55061125750002, 1
55061128500001, 1
55061128750001, 1
55061128750002, 1
55061128750003, 1
55061272500001, 1
55061393500001, 1
55061393500002, 1
55061393500003, 1
55061393500004, 1
55061393500005, 1
55061444250001, 1
55061464000001, 1
55061464000002, 1
55061464000003, 1
55061464000004, 1
55061464000005, 1
55061464250001, 1
55061464250002, 1
55061464250003, 1
55061540500001, 1
55061540500002, 1
55061540500003, 1
55061626250001, 1
55061626250002, 1
55061667000001, 1
55061667000002, 1
55061667000003, 1
55061857750001, 1
55061857750002, 1
55063045500001, 6
55063045500002, 4
55063045750001, 4
55063048250001, 4
55063048250002, 4
55063113000001, 0
55063123000001, 4
55063123000002, 4
55063123000003, 4
55063123000004, 4
55063123000005, 4
55063123000006, 4
55063253250001, 4
55063253250002, 3
55063311500001, 4
55063311500002, 4
55063322750001, 4
55063322750002, 4
55063322750003, 5
55063322750004, 4
55063322750005, 4
55063353500001, 7
55063353500002, 4
55063353500003, 4
55063353500004, 4
55063353500005, 4
55063353500006, 4
55063354500001, 2
55063354500002, 4
55063354500003, 5
55063354500004, 4
55063354500005, 4
55063354500006, 4
55063354500007, 4
55063354500008, 4
55063354500009, 2
55063354500010, 1
55063354500011, 6
55063407750001, 0
55063407750002, 4
55063407750003, 4
55063407750004, 4
55063407750005, 4
55063407750006, 4
55063407750007, 4
55063407750008, 4
55063407750009, 4
55063407750010, 4
55063407750011, 4
55063407750012, 4
55063407750013, 4
55063407750014, 4
55063407750015, 4
55063407750016, 4
55063407750017, 4
55063407750018, 4
55063407750019, 4
55063407750020, 4
55063407750021, 4
55063407750022, 4
55063407750023, 4
55063407750024, 4
55063407750025, 6
55063407750026, 4
55063407750027, 4
55063407750028, 4
55063407750029, 4
55063504000001, 0
55063504000002, 4
55063599250001, 6
55063599250002, 6
55063599250003, 4
55063599250004, 4
55063599250005, 5
55063599250006, 4
55063599250007, 4
55063599250008, 4
55063599250009, 4
55063599250010, 4
55063599250011, 6
55063599250012, 4
55063599500001, 4
55063599500002, 0
55063599500003, 3
55063599500004, 3
55063599500005, 4
55063599500006, 4
55063599500007, 4
55063599500008, 1
55063689000001, 6
55063731250001, 5
55063731250002, 5
55063731250003, 4
55063731250004, 4
55063731250005, 4
55063731250006, 4
55063836500001, 4
55063862750001, 4
55063862750002, 4
55063862750003, 4
55063862750004, 6
55063862750005, 6
55063862750006, 3
55065026500001, 5
55065026750001, 5
55065026750002, 5
55065026750003, 5
55065064250001, 5
55065064500001, 5
55065064500002, 5
55065068250001, 5
55065068500001, 5
55065068500002, 5
55065081000001, 5
55065081250001, 5
55065179500005, 5
55065188750001, 0
55065188750002, 5
55065188750003, 5
55065188750004, 5
55065188750005, 5
55065188750006, 5
55065189000001, 5
55065189000002, 5
55065189000003, 5
55065232620001, 5
55065232620002, 5
55065254750001, 5
55065254750002, 5
55065305750001, 5
55065306000001, 5
55065335000003, 5
55065391250001, 5
55065421750001, 5
55065421750002, 5
55065540250001, 5
55065566250001, 5
55065727000001, 5
55065727000002, 5
55065738250001, 5
55065738250002, 2
55065738250003, 5
55065738500001, 5
55065752750001, 5
55065848500001, 5
55065868000001, 5
55065872750001, 5
55065880500001, 5
55067002250001, 2
55067006250001, 2
55067022500001, 2
55067022500002, 2
55067022500003, 2
55067022500004, 2
55067022500005, 2
55067022500006, 2
55067022500007, 2
55067022500008, 1
55067022500009, 2
55067022750001, 4
55067022750002, 4
55067230500001, 5
55067230500002, 2
55067245750001, 2
55067424250001, 2
55067424250002, 2
55067562000001, 2
55067587000001, 2
55067613750001, 2
55067615250001, 2
55067638250001, 2
55067638250002, 2
55067655500001, 2
55067655500002, 2
55067691750001, 2
55067691750002, 2
55067783250001, 2
55067819500001, 2
55067828250001, 2
55067867500001, 2
55067884500001, 2
55067884500002, 2
55069075000001, 2
55069092250001, 2
55069092250002, 2
55069092250003, 2
55069092250004, 2
55069092250005, 2
55069171250001, 2
55069171250002, 2
55069326500001, 2
55069328750001, 2
55069328750002, 2
55069328750003, 2
55069396750001, 2
55069396750002, 2
55069512500001, 2
55069512500002, 2
55069512500003, 2
55069512500004, 2
55069512500005, 2
55069512500006, 2
55069512500007, 2
55069512500008, 2
55069512500009, 2
55069512500010, 2
55069512500011, 2
55069512500012, 2
55069512500013, 2
55069512500014, 2
55069512500015, 2
55069512500016, 2
55069512500017, 2
55069512500018, 2
55069512500019, 2
55069512750001, 2
55069512750002, 2
55069512750003, 2
55069512750004, 2
55069512750005, 2
55069512750006, 2
55069512750007, 2
55069629500001, 2
55069629500002, 2
55069629500003, 2
55069688250001, 2
55069688250002, 2
55069703250001, 2
55069721000001, 2
55069721000002, 2
55069723000001, 2
55069723000002, 2
55069742500001, 2
55069747250001, 2
55069801250001, 2
55069801250002, 2
55069801250003, 2
55069801250004, 2
55069801250005, 2
55069801250006, 2
55069801500001, 2
55069874250001, 2
55071132370001, 7
55071132370002, 7
55071137500001, 0
55071154000001, 0
55071154000002, 0
55071169500001, 1
55071169500002, 1
55071222750001, 1
55071271250001, 1
55071272750001, 1
55071272750002, 1
55071272750003, 1
55071289750001, 1
55071289750002, 1
55071390000001, 1
55071395250001, 1
55071395250002, 7
55071395250003, 7
55071395250004, 7
55071395250005, 7
55071395250006, 1
55071404250001, 1
55071404250002, 1
55071404250003, 1
55071438500001, 1
55071438500002, 1
55071485000001, 1
55071485000002, 3
55071485000003, 1
55071485000004, 1
55071485000005, 1
55071485000006, 1
55071485000007, 1
55071485000008, 1
55071485000009, 1
55071485000010, 1
55071485000011, 1
55071485000012, 1
55071485000013, 1
55071485000014, 1
55071485000015, 1
55071485000016, 1
55071485000017, 1
55071485000018, 5
55071485000019, 1
55071485000020, 1
55071485000021, 1
55071485250001, 1
55071485250002, 5
55071485750001, 1
55071485750002, 1
55071485750003, 1
55071485750004, 1
55071485750005, 1
55071488750001, 1
55071492500001, 1
55071506250001, 1
55071506250002, 1
55071506250003, 1
55071506250004, 1
55071533250001, 1
55071533250002, 1
55071533500001, 1
55071533500002, 1
55071572000001, 1
55071572000002, 1
55071572000003, 1
55071668750001, 1
55071668750002, 1
55071689250001, 1
55071689250002, 1
55071710250001, 1
55071720750001, 3
55071720750002, 1
55071813000001, 1
55071813250001, 1
55071813250002, 1
55071813250003, 1
55071813250004, 1
55071813250005, 1
55071813250006, 1
55071813250007, 1
55071813250008, 1
55071813500001, 6
55071813500002, 1
55071822000001, 7
55071867750001, 7
55073001000001, 2
55073035500001, 2
55073035500002, 2
55073068750001, 4
55073069750001, 2
55073069750002, 2
55073070000001, 2
55073071250001, 2
55073071250002, 2
55073076000002, 2
55073096500001, 2
55073099750001, 2
55073129750001, 4
55073154250001, 2
55073154250002, 2
55073161500001, 2
55073189500001, 2
55073189500002, 4
55073204500002, 6
55073204500002B, 2
55073220250001, 2
55073220250002, 2
55073224250001, 2
55073225500001, 2
55073225500002, 4
55073230750001, 2
55073231000001, 2
55073240250001, 2
55073240250002, 4
55073256500001, 2
55073271500001, 2
55073274500001, 2
55073314500001, 2
55073318000001, 2
55073321500001, 2
55073322000001, 2
55073329000001, 2
55073331750001, 2
55073342250001, 2
55073355000001, 2
55073363250001, 6
55073383000001, 2
55073401500001, 2
55073401500002, 1
55073401500003, 4
55073405500001, 4
55073405500002, 2
55073405500003, 2
55073405500004, 2
55073405500005, 2
55073405500006, 2
55073405500007, 2
55073405500008, 2
55073405500009, 2
55073405500010, 2
55073469750001, 2
55073469750002, 1
55073469750003, 4
55073482250001, 7
55073482250002, 2
55073482250003, 2
55073482250004, 2
55073490750001, 4
55073490750002, 4
55073491000001, 4
55073491000002, 4
55073491000003, 4
55073496750012, 4
55073496750020, 4
55073496750021, 7
55073496750024, 2
55073545000001, 2
55073545000002, 2
55073545000003, 2
55073545000004, 2
55073545000005, 2
55073545000006, 2
55073545000007, 2
55073545250001, 4
55073545250002, 4
55073545250003, 2
55073576000001, 2
55073635000001, 2
55073669500001, 2
55073669500002, 2
55073672500001, 4
55073673250001, 2
55073673250002, 3
55073673250003, 2
55073673250004, 2
55073673250005, 2
55073673250006, 2
55073673250007, 2
55073673250008, 2
55073673250009, 2
55073673250010, 2
55073679500001, 2
55073680750001, 2
55073680750002, 2
55073697250001, 2
55073697250002, 2
55073697250003, 2
55073697250004, 2
55073697250005, 2
55073697250006, 2
55073721500001, 2
55073721500002, 2
55073721500003, 2
55073721500004, 2
55073754000001, 2
55073754000002, 4
55073754000003, 2
55073754250001, 5
55073754250002, 4
55073771500001, 2
55073771500002, 2
55073771500003, 2
55073771500004, 4
55073777500001, 2
55073777500002, 2
55073793500001, 2
55073793500002, 2
55073818500001, 2
55073844750001, 2
55073844750002, 2
55073844750003, 2
55073844750004, 2
55073844750005, 2
55073844750006, 2
55073844750007, 6
55073844750008, 2
55073844750009, 2
55073844750010, 2
55073844750011, 2
55073844750012, 2
55073844750013, 2
55073844750014, 2
55073844750015, 5
55073844750016, 2
55073844750017, 1
55073844750018, 2
55073844750019, 2
55073844750020, 2
55073844750021, 2
55073844750022, 2
55073844750023, 2
55073844750024, 2
55073844750025, 2
55073844750027, 2
55073844750028, 2
55073844750029, 2
55073845000001, 2
55073845000002, 2
55073845000003, 2
55073860250001, 6
55073860250002, 2
55073860250003, 2
55073860250004, 2
55073860250005, 2
55073860250006, 2
55073860250007, 2
55073860250008, 2
55073860250009, 2
55073860250010, 2
55073860250011, 2
55073860250012, 2
55073860250013, 2
55073860500001, 1
55073870250001, 2
55075016750001, 2
55075035250001, 2
55075035250002, 2
55075058000001, 2
55075058000002, 2
55075060000001, 2
55075162500001, 2
55075177250001, 2
55075210000001, 2
55075210000002, 2
55075297750001, 2
55075317250001, 0
55075317250002, 2
55075317250003, 2
55075410750001, 2
55075410750002, 2
55075493000001, 0
55075493000002, 2
55075493000003, 2
55075493000004, 2
55075493000005, 6
55075493000006, 2
55075493000007, 2
55075493000008, 2
55075515370001, 2
55075515370002, 2
55075573250001, 2
55075573250002, 2
55075573250003, 2
55075573500001, 2
55075617750001, 2
55075617750002, 2
55075621750001, 2
55075621750002, 2
55075621750003, 2
55075621750004, 2
55075621750005, 2
55075621750006, 2
55075621750007, 2
55075622000001, 2
55075622000002, 4
55075622000003, 7
55075622000004, 4
55075622000005, 2
55075622000006, 2
55075642750001, 2
55075642750002, 2
55075642750003, 2
55075647500001, 2
55075647750001, 2
55075647750002, 2
55075647750003, 2
55075739750001, 2
55075770000001, 2
55075770000002, 2
55075770000003, 2
55075770000004, 2
55075770000005, 2
55075830500001, 2
55075845250001, 2
55075845500001, 2
55075845500002, 2
55077110500001, 0
55077110500002, 0
55077179000001, 0
55077205250001, 0
55077240750001, 0
55077327750001, 0
55077503500001, 0
55077538750001, 4
55077538750002, 5
55077538750003, 0
55077538750004, 0
55077539000001, 0
55077539000002, 0
55077539000003, 0
55077539000004, 0
55077546000001, 0
55077546000002, 0
55077561250001, 0
55077561500001, 0
55077561500002, 0
55077572250001, 0
55077572250002, 0
55077608750001, 0
55077609000001, 0
55077609000002, 0
55077609620001, 0
55077609620002, 0
55077609620003, 0
55077736000001, 0
55077759250001, 0
55077855750001, 0
55077855750002, 0
55077856000001, 0
55077856000002, 0
55078509750001, 2
55078509750002, 2
55078509750003, 2
55078509750004, 2
55078509750005, 2
55079054500001, 7
55079054500001B, 7
55079054500002, 7
55079054500003, 7
55079054500003B, 7
55079054500004, 7
55079054500005, 7
55079103750001, 7
55079103750002, 7
55079103750003, 7
55079103750004, 7
55079103750005, 7
55079103750006, 7
55079179750001, 6
55079179750002, 6
55079179750003, 6
55079179750004, 6
55079179750005, 6
55079179750006, 6
55079179750007, 6
55079179750008, 6
55079179750009, 6
55079179750010, 6
55079179750011, 6
55079179750012, 6
55079179750013, 6
55079179750014, 6
55079179750015, 6
55079270750001, 7
55079270750002, 7
55079270750003, 7
55079270750004, 7
55079270750005, 7
55079270750006, 7
55079270750007, 7
55079270750008, 7
55079270750009, 7
55079273000001, 6
55079273000002, 6
55079273000003, 6
55079273000004, 6
55079273000005, 6
55079273000006, 6
55079273000007, 6
55079273000008, 6
55079273000009, 3
55079273000010, 3
55079273000011, 3
55079273000012, 6
55079273000013, 3
55079273000014, 6
55079273000016, 3
55079273000017, 6
55079273000018, 6
55079273000019, 6
55079273000020, 6
55079273000021, 6
55079273000023, 6
5507927300015A, 6
5507927300015B, 6
5507927300022A, 6
5507927300022B, 6
55079294000001, 7
55079294000002, 7
55079294000003, 7
55079294000004, 7
55079294000005, 7
55079294000006, 7
55079294000007, 7
55079294000008, 7
55079294000009, 7
55079294000010, 7
55079294000011, 7
55079294000011 E, 7
55079294000012, 7
5507929400008E, 7
55079311250001, 6
55079311250002, 6
55079311250003, 6
55079311250004, 3
55079311250005, 6
55079311250006, 6
55079311250007, 2
55079311250008, 6
55079311250009, 3
55079311250010, 6
55079311750001, 6
55079311750002, 3
55079311750003, 6
55079311750004, 3
55079311750005, 3
55079311750006, 6
55079311750007, 6
55079311750008, 6
55079311750009, 6
55079311750010, 3
55079311750011, 3
55079311750012, 6
55079311750013, 3
55079311750014, 6
55079311750015, 3
55079311750016, 3
55079311750017, 3
55079311750018, 6
55079311750019, 3
55079311750020, 3
55079311750021, 6
55079320750001, 6
55079320750002, 3
55079320750003, 6
55079320750004, 6
55079320750005, 6
55079320750006, 3
55079320750007, 3
55079320750008, 6
55079320750009, 6
55079530000001, 7
55079530000002, 7
55079530000003, 7
55079530000004, 7
55079530000005, 7
55079530000006, 3
55079530000007, 3
55079530000008, 3
55079530000009, 7
55079530000010, 3
55079530000011, 3
55079530000012, 7
55079530000013, 7
55079530000014, 7
55079530000015, 7
55079530000016, 7
55079530000017, 7
55079530000018, 7
55079530000019, 7
55079530000020, 7
55079530000021, 7
55079530000022, 7
55079530000023, 7
55079530000024, 7
55079530000025, 7
55079530000026, 3
55079530000027, 3
55079530000028, 3
55079530000029, 3
55079530000030, 3
55079530000031, 3
55079530000032, 3
55079530000033, 3
55079530000034, 3
55079530000035, 3
55079530000036, 3
55079530000037, 7
55079530000038, 3
55079530000039, 3
55079530000040, 3
55079530000041, 7
55079530000042, 3
55079530000043, 7
55079530000044, 7
55079530000045, 7
55079530000046, 7
55079530000047, 7
55079530000048, 7
55079530000049, 7
55079530000050, 7
55079530000051, 7
55079530000052, 7
55079530000053, 3
55079530000054, 7
55079530000055, 3
55079530000056, 3
55079530000057, 7
55079530000058, 7
55079530000059, 7
55079530000060, 7
55079530000061, 7
55079530000062, 7
55079530000063, 7
55079530000064, 7
55079530000065, 7
55079530000066, 7
55079530000067, 7
55079530000068, 7
55079530000069, 7
55079530000070, 7
55079530000071, 7
55079530000072, 7
55079530000073, 7
55079530000074, 7
55079530000075, 7
55079530000076, 7
55079530000077, 7
55079530000078, 3
55079530000079, 7
55079530000080, 3
55079530000081, 7
55079530000082, 3
55079530000083, 3
55079530000084, 3
55079530000085, 3
55079530000086, 6
55079530000087, 7
55079530000088, 7
55079530000089, 3
55079530000090, 3
55079530000091, 7
55079530000092, 3
55079530000093, 3
55079530000094, 3
55079530000095, 3
55079530000096, 7
55079530000097, 7
55079530000098, 7
55079530000099, 3
55079530000100, 3
55079530000101, 3
55079530000102, 3
55079530000103, 3
55079530000104, 7
55079530000105, 7
55079530000106, 7
55079530000107, 3
55079530000108, 7
55079530000109, 7
55079530000110, 7
55079530000111, 7
55079530000112, 7
55079530000113, 7
55079530000114, 7
55079530000115, 7
55079530000116, 7
55079530000117, 7
55079530000118, 7
55079530000119, 7
55079530000120, 7
55079530000121, 7
55079530000122, 7
55079530000123, 7
55079530000124, 7
55079530000125, 7
55079530000126, 7
55079530000127, 7
55079530000128, 7
55079530000129, 7
55079530000130, 7
55079530000131, 3
55079530000132, 7
55079530000133, 7
55079530000134, 7
55079530000135, 7
55079530000136, 7
55079530000137, 7
55079530000138, 7
55079530000139, 7
55079530000140, 7
55079530000141, 7
55079530000142, 7
55079530000143, 7
55079530000144, 7
55079530000145, 7
55079530000146, 7
55079530000147, 7
55079530000148, 7
55079530000149, 7
55079530000150, 3
55079530000151, 7
55079530000152, 3
55079530000153, 3
55079530000154, 7
55079530000155, 3
55079530000156, 3
55079530000157, 3
55079530000158, 3
55079530000159, 7
55079530000160, 3
55079530000161, 3
55079530000162, 7
55079530000163, 3
55079530000164, 3
55079530000165, 7
55079530000166, 3
55079530000167, 3
55079530000168, 3
55079530000169, 3
55079530000170, 7
55079530000171, 3
55079530000172, 7
55079530000173, 7
55079530000174, 7
55079530000175, 7
55079530000176, 7
55079530000177, 7
55079530000178, 7
55079530000179, 7
55079530000180, 7
55079530000181, 7
55079530000182, 7
55079530000183, 7
55079530000184, 7
55079530000185, 7
55079530000186, 7
55079530000187, 7
55079530000188, 7
55079530000189, 7
55079530000190, 7
55079530000191, 7
55079530000192, 3
55079530000193, 7
55079530000194, 3
55079530000195, 3
55079530000196, 7
55079530000197, 7
55079530000198, 3
55079530000199, 7
55079530000200, 3
55079530000201, 3
55079530000202, 3
55079530000203, 3
55079530000204, 3
55079530000205, 3
55079530000206, 6
55079530000207, 6
55079530000208, 3
55079530000209, 3
55079530000210, 3
55079530000211, 3
55079530000212, 3
55079530000213, 7
55079530000214, 3
55079530000215, 3
55079530000216, 3
55079530000217, 3
55079530000218, 3
55079530000219, 3
55079530000220, 7
55079530000221, 3
55079530000222, 3
55079530000223, 3
55079530000224, 3
55079530000225, 3
55079530000226, 3
55079530000227, 6
55079530000228, 3
55079530000229, 3
55079530000230, 3
55079530000231, 3
55079530000232, 6
55079530000233, 3
55079530000234, 6
55079530000235, 7
55079530000236, 3
55079530000237, 6
55079530000238, 3
55079530000239, 3
55079530000240, 3
55079530000241, 7
55079530000242, 7
55079530000243, 7
55079530000244, 3
55079530000245, 3
55079530000246, 7
55079530000247, 3
55079530000248, 7
55079530000249, 3
55079530000250, 3
55079530000251, 3
55079530000252, 3
55079530000253, 3
55079530000254, 3
55079530000255, 3
55079530000256, 3
55079530000257, 3
55079530000258, 3
55079530000259, 3
55079530000260, 3
55079530000261, 3
55079530000262, 3
55079530000263, 3
55079530000264, 3
55079530000265, 3
55079530000266, 3
55079530000267, 3
55079530000268, 6
55079530000269, 3
55079530000270, 3
55079530000271, 3
55079530000272, 3
55079530000273, 3
55079530000274, 3
55079530000275, 3
55079530000276, 3
55079530000277, 6
55079530000278, 6
55079530000279, 6
55079530000280, 6
55079530000281, 3
55079530000282, 3
55079530000283, 3
55079530000284, 3
55079530000285, 3
55079530000286, 3
55079530000287, 3
55079530000288, 3
55079530000289, 7
55079530000290, 3
55079530000291, 7
55079530000292, 3
55079530000293, 6
55079530000294, 6
55079530000295, 3
55079530000296, 3
55079530000297, 3
55079530000298, 6
55079530000299, 6
55079530000300, 6
55079530000301, 6
55079530000302, 6
55079530000303, 6
55079530000304, 6
55079530000305, 6
55079530000306, 3
55079530000307, 3
55079530000308, 3
55079530000309, 3
55079530000310, 6
55079530000311, 6
55079530000312, 6
55079530000313, 6
55079530000314, 6
55079530000315, 6
55079530000316, 6
55079530000317, 6
55079530000318, 7
55079530000319, 3
55079530000320, 7
55079530000321, 3
55079530000322, 3
55079530000323, 3
55079530000324, 3
55079530000325, 3
55079530000326, 3
55079530000327, 3
55079588000001, 6
55079588000002, 3
55079588000003, 6
55079588000004, 6
55079588000005, 6
55079588000006, 3
55079588000007, 6
55079588000008, 3
55079588000009, 6
55079588000010, 3
55079588000011, 3
55079588000012, 3
55079588000013, 6
55079588000014, 6
55079588000015, 6
55079588000016, 6
55079588000017, 3
55079588000018, 6
55079588000019, 6
55079683250001, 7
55079683250002, 7
55079683250003, 7
55079706500001, 6
55079706500002, 6
55079706500003, 6
55079706500004, 6
55079706500005, 6
55079706500006, 6
55079706500007, 6
55079706500008, 6
55079706500009, 6
55079706500010, 6
55079706500011, 6
55079706500012, 6
55079737250001, 7
55079737250002, 7
55079737250003, 7
55079737250004, 7
55079737250005, 7
55079737250006, 7
55079737250007, 7
55079737250008, 7
55079737250009, 7
55079737250010, 7
55079737250011, 7
55079737250012, 7
55079751250001, 6
55079751250002, 6
55079751250003, 6
55079751250004, 6
55079751250005, 3
55079751250006, 3
55079751250007, 3
55079751250008, 6
55079751250009, 6
55079751250010, 6
55079751250011, 6
55079751250012, 6
55079751250013, 3
55079751250014, 6
55079751250015, 6
55079751250016, 3
55079846750001, 3
55079846750002, 3
55079846750003, 3
55079846750004, 6
55079846750005, 3
55079846750006, 6
55079846750007, 3
55079846750008, 3
55079846750009, 3
55079846750010, 3
55079846750011, 3
55079846750012, 3
55079846750013, 3
55079846750014, 3
55079846750015, 3
55079846750016, 3
55079846750017, 3
55079846750018, 3
55079846750019, 3
55079846750020, 3
55079846750021, 3
55079846750022, 3
55079846750023, 3
55079846750024, 3
55079853000001, 3
55079853000002, 3
55079853000003, 3
55079853000004, 3
55079853000005, 3
55079853000006, 3
55079853000007, 3
55079853000008, 3
55079853000009, 3
55079853000010, 3
55079853000011, 3
55079853000012, 3
55079853000013, 3
55079853000014, 3
55079853000015, 3
55079853000016, 3
55079853000017, 3
55079853000018, 3
55079853000019, 3
55079853000020, 3
55079853000021, 3
55079853000022, 3
55079853000023, 3
55079853000024, 3
55079853000025, 0
55079858750001, 3
55079858750002, 3
55079858750003, 3
55079858750004, 3
55079858750005, 3
55079858750006, 7
55079867000001, 7
55079867000002, 7
55079867000003, 7
55079867000004, 7
55079867000005, 7
55079867000006, 7
55079867000007, 7
55079867000008, 7
55079867000009, 7
55079867000010, 7
55079867000011, 7
55079867000012, 7
55081004750001, 4
55081020250001, 4
55081020250002, 4
55081020250003, 4
55081116250001, 4
55081129500001, 4
55081129500002, 4
55081155500001, 4
55081294500001, 4
55081303250001, 4
55081312250001, 4
55081312250002, 4
55081379500001, 1
55081391500001, 4
55081409250001, 4
55081409250002, 4
5508141000001A, 4
5508141000001B, 1
5508141000002A, 4
5508141000002B, 7
5508141000003A, 4
5508141000003B, 4
55081434750001, 4
55081434750002, 4
55081444500001, 4
55081449750001, 4
55081449750002, 4
55081508000001, 1
55081569500001, 4
55081585750001, 4
55081588500001, 4
55081588750001, 4
55081644250001, 6
55081678500001, 4
55081723250001, 4
55081731500001, 4
55081753250001, 4
55081753250002, 4
55081753250003, 4
55081753250004, 4
55081753250005, 4
55081753250006, 4
55081753250007, 4
55081753250008, 1
55081753250009, 4
55081753250010, 4
55081753250011, 4
55081753250012, 4
55081753250013, 4
55081753250014, 4
55081753250015, 4
55081753250016, 6
55081753500001, 4
55081753500002, 4
55081753500003, 4
55081753500004, 4
55081753500005, 5
55081753500006, 4
55081800750001, 1
55081800750002, 4
55081800750003, 4
55081800750004, 4
55081800750006, 4
55081800750007, 4
55081800750008, 4
55081800750009, 4
55081800750010, 4
55081800750011, 4
55081800750012, 4
55081800750013, 4
55081800750014, 4
55081800750015, 4
55081800750016, 6
5508180075005A, 4
5508180075005B, 4
55081801000001, 4
55081801000002, 4
55081834500001, 7
55081851250001, 4
55081851250002, 4
55081851500001, 4
55081875250001, 4
55081875500001, 4
55081875500002, 4
55081875500003, 4
55081875500004, 4
55081875500005, 4
55081892750001, 6
55083001750001, 1
55083001750002, 1
55083001750003, 2
55083042750001, 2
55083093750001, 2
55083093750002, 2
55083093750003, 2
55083094250001, 2
55083141250001, 2
55083141250002, 1
55083141250003, 1
55083141250004, 1
55083141250005, 1
55083204750001, 2
55083290500001, 2
55083290500002, 2
55083290500003, 2
55083290750001, 2
55083290750002, 2
55083359250001, 2
55083359250002, 2
55083420750001, 2
55083433250001, 2
55083433500001, 2
55083451750001, 2
55083451750002, 2
55083452750001, 1
55083452750002, 1
55083452750003, 2
55083452750004, 2
55083452750005, 2
55083452750006, 2
55083452750007, 2
55083452750008, 2
55083490000026, 2
55083542000001, 2
55083542000002, 2
55083546300001, 2
55083593500001, 2
55083593500002, 2
55083593500003, 2
55083593500004, 2
55083593500005, 2
55083593500006, 2
55083593500007, 2
55083593750001, 2
55083593750002, 2
55083593750003, 1
55083594000001, 2
55083594000002, 2
55083594000003, 3
55083594000004, 2
55083594000005, 2
55083594250001, 2
55083594250002, 2
55083619000001, 2
55083619000002, 1
55083656750005, 4
55083684000001, 2
55083684000002, 2
55083764500001, 2
55083764500002, 2
55083773000001, 2
55083773000002, 2
55083787250001, 4
55083803250001, 2
55083814750001, 2
55085130250001, 2
55085130250002, 2
55085176250001, 7
55085176250002, 2
55085176250003, 2
55085241250001, 2
55085335750001, 6
55085335750002, 2
55085418870001, 2
55085418870002, 2
55085451500001, 2
55085466500001, 2
55085532250001, 2
55085532250002, 2
55085532250003, 2
55085532250004, 2
55085532250005, 2
55085532250006, 2
55085532250007, 2
55085536620001, 2
55085564250001, 2
55085564250002, 2
55085564250003, 2
55085564250004, 2
55085574500001, 2
55085574500002, 2
55085616250001, 2
55085616250002, 7
55085616250003, 6
55085616250004, 2
55085626000001, 2
55085629250001, 2
55085629250002, 2
55085629250003, 4
55085629250004, 2
55085672000001, 2
55085672000002, 2
55085672000003, 2
55085672000004, 2
55085672000005, 2
55085672000006, 2
55085672000007, 2
55085672000008, 2
55085672000009, 0
55085672000010, 0
55085672000011, 2
55085672000012, 2
55085672000013, 6
55085672000014, 2
55085721250001, 2
55085769750001, 2
55085769750002, 2
55085780750001, 2
55085780750002, 2
55085797000001, 6
55085797000002, 2
55085797000003, 2
55085797000004, 2
55085886250001, 2
55085889500001, 2
55085889500002, 2
55085889500003, 2
55087023750001, 1
55087023750002, 1
55087023750003, 1
55087023750004, 1
55087023750005, 1
55087023750006, 1
55087023750007, 1
55087023750008, 1
55087023750009, 1
55087023750010, 1
55087023750011, 1
55087023750015, 3
55087023750016, 1
55087023750017, 1
55087023750018, 1
55087023750019, 1
55087023750020, 0
55087023750021, 2
55087023750022, 3
55087023750023, 1
55087023750024, 1
55087023750025, 1
55087023750027, 1
55087023750028, 1
55087023750029, 1
55087023750030, 1
55087023750033, 1
55087023750034, 1
55087023750035, 1
55087023750036, 1
55087023750037, 1
55087023750038, 1
55087023750039, 6
55087023750040, 1
55087023750041, 1
55087023750042, 1
55087023750043, 1
55087023750048, 1
55087023750049, 1
55087023750050, 1
55087023750051, 1
55087023750052, 1
55087023750053, 1
55087023750054, 1
55087023750055, 1
55087023750056, 1
55087023750057, 1
55087055750001, 1
55087077250001, 1
55087077250002, 1
55087077500001, 1
55087077500002, 2
55087089750001, 2
55087089750002, 2
55087107500001, 1
55087107500002, 7
55087107500003, 1
55087107500004, 1
55087107500005, 1
55087107500006, 1
55087107500007, 6
55087107500008, 1
55087107500009, 1
55087107500010, 1
55087136000001, 1
55087136000002, 1
55087136000003, 1
55087136000004, 1
55087136000005, 1
55087136000006, 5
55087136000007, 1
55087147500001, 2
55087147500002, 2
55087165000001, 1
55087165000002, 1
55087165000003, 1
55087165000004, 1
55087185250001, 0
55087185250002, 1
55087185250003, 1
55087192000001, 1
55087234250001, 1
55087234250002, 1
55087234250003, 1
55087234250004, 1
55087234250005, 1
55087276500001, 1
55087276500002, 1
55087276500003, 1
55087276500004, 1
55087276500005, 1
55087276500006, 1
55087276500007, 1
55087276500008, 6
55087300750001, 1
55087300750002, 1
55087300750003, 1
55087300750004, 1
55087300750005, 1
55087300750006, 1
55087300750007, 1
55087300750008, 1
55087300750009, 1
55087300750010, 1
55087300750011, 6
55087300750012, 1
55087300750013, 0
55087300750014, 1
55087300750015, 3
55087300750016, 4
55087300750017, 5
55087300750018, 1
55087315500001, 1
55087315500002, 0
55087315500003, 0
55087315500004, 0
55087315500005, 1
55087315500006, 0
55087315500007, 1
55087315500008, 0
55087315500009, 0
55087358250001, 5
55087358250002, 5
55087358500001, 1
55087358500002, 1
55087358500003, 1
55087359500017, 1
55087388000001, 1
55087388000002, 1
55087388000003, 3
55087388000004, 1
55087388000005, 1
55087388000006, 1
55087388000007, 1
55087388000008, 1
55087388000009, 0
55087388000010, 4
55087388250001, 1
55087388250002, 7
55087388250003, 6
55087396500001, 1
55087396500002, 1
55087396500003, 1
55087396500004, 1
55087396500005, 1
55087396500006, 1
55087396500007, 1
55087396500008, 1
55087438750001, 1
55087449500001, 1
55087449500002, 1
55087449500003, 1
55087449500004, 1
55087449500005, 1
55087449500006, 1
55087449500007, 1
55087449500008, 1
55087449500009, 1
55087449500010, 1
55087449500011, 1
55087449500012, 1
55087449500013, 1
55087449500014, 1
55087482500001, 1
55087487750001, 0
55087569250001, 1
55087569250002, 1
55087573750001, 1
55087600000001, 1
55087600000002, 1
55087600000003, 1
55087600000004, 1
55087600000005, 1
55087600000006, 1
55087604000001, 1
55087604000002, 1
55087727250001, 0
55087727250002, 1
55087727250003, 1
55087727250004, 1
55087727250005, 2
55087727250006, 2
55087727500001, 1
55087727500002, 2
55087736250001, 2
55087824000001, 1
55087824000002, 2
55087824000003, 2
55087891500004, 1
55089054500006, 7
55089061500001, 7
55089061500002, 7
55089061500003, 7
55089061750001, 7
55089061750002, 7
55089061750003, 7
55089133750001, 7
55089133750002, 7
55089133750003, 7
55089133750004, 7
55089133750005, 7
55089133750006, 1
55089133750007, 7
55089133750008, 7
55089134000001, 3
55089134000002, 7
55089134000003, 5
55089134000004, 7
55089134000005, 7
55089134000006, 7
55089134000007, 7
55089134000008, 7
55089134000009, 7
55089134000010, 7
55089275500001, 7
55089275500002, 7
55089275500003, 2
55089275750001, 3
55089275750002, 7
55089275750003, 7
55089275750004, 7
55089300000001, 7
55089300000002, 7
55089300000003, 7
55089300000004, 7
55089300000005, 7
55089300000006, 7
55089300000007, 7
55089300000008, 7
55089300000009, 7
55089300000010, 7
55089300000011, 7
55089300000012, 7
55089300000013, 6
55089300000014, 0
55089300250001, 3
55089300250002, 7
55089300250003, 3
55089300250004, 0
55089300250005, 7
55089511500001, 7
55089511500002, 7
55089511500003, 7
55089511500004, 7
55089511500005, 7
55089511500006, 7
55089511500008, 7
55089511500009, 7
55089511500010, 7
55089511500011, 7
55089511500012, 7
55089511500013, 7
55089511500014, 7
55089511500015, 7
55089511500016, 7
55089511500017, 7
55089511500018, 7
55089511500019, 7
55089511500020, 7
55089511500021, 7
5508951150007A, 7
5508951150007B, 7
55089564500003, 7
55089644500001, 0
55089644500002, 7
55089644500003, 7
55089644500004, 7
55089644500005, 7
55089644500006, 7
55089644500007, 7
55089644750001, 7
55089644750002, 6
55089717000001, 7
55089717000002, 7
55089717000003, 7
55089717000004, 7
55089717000005, 5
55089717000006, 7
55089717000007, 7
55089717250001, 7
55089717250002, 0
55089717250003, 7
55089794750001, 7
55089794750002, 7
55089794750003, 7
55089794750004, 7
55091008000001, 4
55091212250001, 4
55091212250002, 4
55091212250003, 4
55091212500001, 4
55091212500002, 4
55091271750001, 4
55091440750001, 4
55091440750002, 4
55091619250001, 4
55091619250002, 4
55091619500001, 4
55091619500002, 4
55091774750001, 4
55091775000001, 4
55091840250001, 4
55091840250002, 4
55091841000001, 4
55093053250001, 0
55093155750001, 4
55093155750002, 4
55093155750003, 4
55093201500001, 4
55093235250001, 4
55093235250002, 4
55093235250003, 4
55093235250004, 4
55093235500001, 4
55093235500002, 7
55093237000001, 4
55093237750001, 4
55093291500001, 4
55093330500001, 4
55093373500001, 4
55093481750001, 4
55093482000001, 4
55093497750001, 4
55093497750002, 4
55093590250001, 4
55093590250002, 4
55093590250003, 4
55093636000001, 4
55093653750001, 4
55093653750002, 4
55093653750003, 4
55093653750004, 4
55093653750005, 4
55093653750006, 4
55093682750005, 4
55093682750006, 4
55093682750007, 4
55093682750008, 4
55093682750009, 4
55093682750010, 3
55093682750011, 4
55093682750012, 4
55093682750013, 4
55093682750014, 4
55093683000001, 4
55093683000002, 4
55093683000003, 4
55093687750001, 4
55093711500001, 4
55093761000001, 4
55093761000002, 5
55093763000001, 4
55093805500001, 4
55093805500002, 4
55093807000001, 4
55093807000002, 4
55093816000001, 4
55095009500001, 2
55095009500002, 2
55095009500003, 2
55095009500004, 4
55095017250001, 2
55095017250002, 0
55095017250003, 4
55095017250004, 4
55095017250005, 2
55095023500001, 2
55095023500002, 2
55095044750001, 4
55095044750002, 2
55095045000001, 4
55095045000002, 4
55095058250001, 4
5509505825002B, 4
55095077000001, 3
55095077000002, 2
55095087500001, 4
55095138500001, 2
55095148370001, 4
55095151000001, 4
55095151250001, 4
55095152500001, 0
55095152500002, 4
55095152750001, 4
55095208500001, 2
55095244500001, 2
55095244500002, 2
55095253500001, 4
55095253500002, 4
55095275000001, 0
55095275000002, 0
55095283500001, 4
55095283500002, 2
55095287250001, 2
55095287250002, 2
55095384000001, 4
55095419000001, 2
55095444750001, 2
55095444750002, 2
55095444750003, 2
55095444750004, 2
55095457750001, 4
55095462000001, 2
55095462000002, 2
55095462250001, 0
55095462250002, 2
55095469000001, 2
55095520750001, 2
55095521000001, 2
55095521000002, 2
55095604500001, 2
55095604500002, 3
55095604500003, 5
55095604750001, 3
55095604750002, 2
55095604750003, 2
55095604750004, 4
55095705500001, 2
55095705500002, 2
55095705500003, 2
55095705500004, 2
55095705750001, 2
55095705750002, 2
55095770500001, 2
5509581075002A, 4
5509581075002B, 4
55095863500001, 1
55097007250001, 2
55097014000001, 6
55097014250001, 2
55097017500001, 2
55097017750001, 2
55097017750002, 2
55097018000001, 2
55097064750001, 4
55097109250001, 0
55097109250002, 2
55097127250001, 4
55097127250002, 4
55097199750001, 2
55097224500001, 4
55097303500001, 4
55097303500002, 4
55097303500003, 4
55097303500004, 4
55097363500001, 2
55097363500002, 2
55097363500003, 2
55097363500004, 2
55097363500005, 2
55097363500006, 0
55097363500007, 2
55097363500008, 0
55097386500001, 4
55097422250001, 2
55097422250002, 2
55097448000001, 0
55097448000002, 4
55097518750001, 4
55097560000001, 2
55097568500001, 2
55097613250001, 4
55097628250001, 4
55097628250002, 4
55097635250001, 2
55097635250002, 2
55097635250003, 2
55097635250004, 6
55097635250005, 2
55097635250006, 4
55097635250007, 0
55097635250008, 4
55097635250009, 0
55097635500001, 4
55097635500002, 6
55097635500003, 4
55097695750001, 2
55097728500001, 2
55097728500002, 2
55097728500003, 2
55097772000001, 2
55097772000002, 2
55097772000003, 2
55097772000004, 2
55097772000005, 2
55097772000006, 2
55097772000007, 4
55097772000008, 2
55097772000009, 2
55097772000010, 2
55097772000011, 2
55097772000012, 2
55097772000013, 2
55097772000014, 2
55097772000015, 2
55097772000016, 2
55097772000017, 0
55097772000018, 0
55097772000019, 4
55097772000020, 0
55097772000021, 2
55097772000022, 4
55097772000023, 2
55097772000024, 2
55097772000025, 2
55097772000026, 2
55097772000027, 2
55097772000028, 2
55097772000029, 2
55097772000030, 0
55097772000031, 4
55097772000032, 4
55097772000033, 4
55097775370001, 0
55097775370002, 0
55097775370003, 0
55097775370004, 2
55097775370005, 0
55097869750001, 2
55097869750002, 0
55097869750003, 2
55097869750004, 2
55099131750001, 2
55099132000001, 2
55099229500001, 2
55099229500002, 2
55099232000001, 2
55099232000002, 7
55099239750001, 2
55099257750001, 2
55099257750002, 2
55099260500001, 2
55099287500001, 2
55099319250001, 2
55099326750001, 2
55099347250001, 2
55099391750001, 2
55099392000001, 2
55099401750001, 2
55099411500001, 2
55099411500002, 2
55099595250001, 2
55099612000001, 2
55099612000002, 2
55099612000003, 2
55099612000004, 2
55099612000005, 2
55099612000006, 2
55099612000007, 2
55099624500001, 2
55099624500002, 2
55099624500003, 2
55099624500004, 3
55099653250001, 4
55099653500001, 2
55099755250001, 2
55099891000001, 2
55099891000002, 4
55099891000003, 2
55101112000001, 6
55101112000002, 6
55101112000003, 6
55101112000004, 6
55101112000005, 6
55101112000006, 6
55101112000007, 6
55101112000008, 6
55101112250001, 6
55101112250002, 6
55101112250003, 6
55101112250004, 6
55101112250005, 6
55101112250006, 6
55101112250007, 6
55101112250008, 6
55101112250009, 6
55101112250010, 6
55101112250011, 0
55101119500001, 6
55101119500002, 6
55101119500003, 6
55101119500003B, 6
55101119500004, 6
55101119500005, 6
55101119500006, 6
55101119500007, 6
55101119500008, 6
55101119500009, 6
55101119500010, 6
55101119500011, 6
55101119500012, 6
55101119500013, 6
55101119500014, 6
55101119500015, 6
55101119500016, 6
55101119500017, 6
55101119500018, 6
55101119500019, 6
55101119500020, 6
55101206250001, 6
55101206250002, 6
55101206250003, 6
55101206250004, 6
55101206250005, 6
55101206250006, 6
55101206250007, 0
55101206250008, 6
55101237250001, 6
55101548750001, 7
55101548750002, 6
55101548750003, 6
55101548750004, 5
55101548750005, 2
55101548750006, 6
55101548750007, 6
55101548750008, 6
55101548750009, 6
55101548750010, 6
55101548750011, 6
55101548750012, 6
55101548750013, 6
55101548750014, 6
55101548750015, 6
55101548750016, 1
55101548750017, 6
55101548750018, 5
55101548750019, 6
55101548750020, 6
55101548750021, 6
55101548750022, 6
55101548750023, 6
55101577000001, 6
55101586000001, 6
55101586000002, 6
55101586000003, 6
55101586000004, 6
55101586000005, 6
55101586000006, 6
55101586000007, 6
55101586000008, 6
55101586000009, 6
55101586000010, 6
55101586000011, 6
55101660000001, 6
55101660000002, 6
55101660000003, 6
55101660000004, 6
55101660000005, 6
55101660000006, 6
55101660000007, 6
55101660000008, 6
55101660000009, 6
55101660000010, 6
55101660000011, 6
55101660000012, 6
55101660000013, 7
55101660000014, 6
55101660000015, 6
55101660000016, 6
55101660000017, 6
55101660000018, 6
55101660000019, 6
55101660000020, 6
55101660000021, 6
55101660000022, 6
55101660000023, 6
55101660000024, 6
55101660000025, 6
55101660000026, 6
55101660000027, 6
55101660000028, 6
55101660000029, 6
55101660000030, 6
55101660000031, 6
55101660000032, 6
55101660000033, 6
55101660000034, 6
55101660000035, 6
55101660000036, 1
55101663750001, 6
55101663750002, 6
55101663750003, 6
55101663750004, 6
55101663750005, 6
55101663750006, 6
55101685500001, 6
55101685500002, 6
55101685500003, 6
55101685500004, 6
55101685500005, 6
55101685500006, 6
55101779250001, 6
55101779250002, 6
55101779250003, 6
55101779250004, 6
55101779250005, 6
55101779250006, 6
55101779250007, 6
55101779250008, 6
55101817750001, 6
55101817750002, 6
55101817750003, 6
55101817750004, 6
55101817750005, 6
55101817750006, 0
55101817750007, 6
55101838250001, 6
55101838250002, 6
55101838250003, 6
55101838250004, 6
55101838250005, 6
55101838250006, 6
55101838250007, 6
55101838500001, 6
55101838500002, 3
55101838500003, 6
55101838500004, 6
55101838500005, 6
55101838500006, 6
55101838500007, 6
55101838500008, 6
55101838500009, 3
55101838500010, 6
55101877000001, 6
55101877000002, 6
55101877000003, 6
55101895750001, 6
55101895750002, 6
55101895750003, 6
55101895750004, 0
55101895750005, 6
55103006750001, 4
55103081750001, 4
55103086000001, 5
55103109500001, 5
55103109500002, 5
55103109500003, 5
55103109500004, 5
55103133000001, 5
55103190000001, 5
55103214000001, 4
55103264750001, 5
55103339250001, 5
55103375000001, 5
55103455750001, 5
55103496000001, 4
55103496000002, 4
55103603500001, 4
55103675750001, 5
55103675750002, 5
55103675750003, 5
55103675750004, 5
55103676250001, 3
55103676250002, 5
55103676250003, 4
55103676250004, 4
55103676250005, 5
55103676250006, 4
55103676250007, 5
55103676250008, 4
55103676250009, 4
55103676250010, 6
55103676250011, 5
55103676250012, 5
55103677750001, 4
55103677750002, 5
55103686750001, 4
55103686750002, 5
55103686750003, 5
55103788250002, 4
5510378825001A, 5
55103829000001, 5
55103856750001, 5
55103872500001, 5
55103896250001, 4
55105041000001, 5
55105065000001, 7
55105065000002, 5
55105065000003, 5
55105065000004, 5
55105065000005, 5
55105065000006, 5
55105065000007, 5
55105065000008, 5
55105065000009, 5
55105065000010, 5
55105065000011, 5
55105065000012, 5
55105065000013, 5
55105065000014, 5
55105065000015, 5
55105065000016, 5
55105065000017, 5
55105065000018, 5
55105065000019, 5
55105065000020, 5
55105065000021, 5
55105065000022, 2
55105065000023, 6
55105065000024, 5
55105065000025, 5
55105065250001, 5
55105065250002, 5
55105065250003, 7
55105065250004, 5
55105065250005, 5
55105065250006, 5
55105065250007, 5
55105065250008, 5
55105065250009, 5
55105065250010, 5
55105065250011, 5
55105091750001, 5
55105091750002, 5
55105099250007, 5
55105099250008, 5
55105136250001, 5
55105136250002, 5
55105156250001, 5
55105156250002, 5
55105156250003, 5
55105156500001, 5
55105225750001, 5
55105225750002, 5
55105225750003, 5
55105225750004, 5
55105225750005, 3
55105225750006, 5
55105245500001, 5
55105245500002, 5
55105245500003, 5
55105245500004, 5
55105245500005, 5
55105245500006, 5
55105245500007, 5
55105245500008, 5
55105264000001, 5
55105280750001, 5
55105280750002, 5
55105280750003, 0
55105280750004, 5
55105280750005, 5
55105280750006, 5
55105327000001, 5
55105327000002, 5
55105327000003, 5
55105327000004, 5
55105327000005, 5
55105327000006, 5
55105378250001, 5
55105378250002, 5
55105378250003, 5
55105378250004, 5
55105378250005, 5
55105378250006, 5
55105378250007, 5
55105378250008, 5
55105378250009, 5
55105378250010, 5
55105378250011, 5
55105378250012, 5
55105378250013, 5
55105378250014, 5
55105378250015, 5
55105378250016, 3
55105378250017, 5
55105378250018, 5
55105378250019, 5
55105378250020, 7
55105378250021, 5
55105378250022, 5
55105378250023, 5
55105378250024, 5
55105378250025, 5
55105378250026, 4
55105378250027, 5
55105378250028, 5
55105378250029, 5
55105378500001, 5
55105378500002, 5
55105378500003, 5
55105378500004, 5
55105378500005, 5
55105378500006, 5
55105378500007, 0
55105378500008, 6
55105378500009, 5
55105378500009B, 5
55105384500001, 5
55105425750001, 5
55105425750002, 5
55105441250001, 5
55105441250002, 5
55105481500001, 5
55105522000001, 5
55105522000002, 5
55105522000003, 5
55105522000004, 5
55105522000005, 5
55105522000006, 5
55105522000007, 5
55105522000008, 5
55105522250001, 4
55105522250002, 5
55105522250003, 5
55105522250004, 5
55105563250001, 5
55105563250002, 5
55105563250003, 5
55105602500001, 5
55105602500002, 5
55105636750001, 5
55105636750002, 5
55105642250001, 5
55105686000001, 5
55105686000002, 5
55105686000003, 5
55105686000004, 5
55105686000005, 2
55105686000006, 5
55105763250001, 5
55105810500001, 5
55105810500002, 5
55105810500003, 5
55105810500004, 7
55105816500001, 6
55105816500002, 5
55105816500003, 5
55105816500004, 1
55107036000001, 2
55107036000002, 2
55107071750001, 2
55107071750002, 2
55107072250001, 2
55107105000001, 2
55107135500001, 2
55107167750001, 2
55107200000001, 2
55107261000001, 2
55107261000002, 2
55107261000003, 2
55107294750001, 2
55107303750001, 2
55107303750002, 2
55107303750003, 2
55107303750004, 2
55107303750005, 2
55107317750001, 4
55107332750001, 2
55107333000001, 2
55107361250001, 2
55107369250001, 2
55107408500001, 2
55107408500002, 2
55107408500003, 2
55107408500004, 2
55107408500005, 6
55107408500006, 2
55107408500007, 2
55107408500008, 2
55107408500009, 2
55107408500010, 2
55107408500011, 2
55107408500012, 2
55107408500013, 2
55107408500014, 2
55107408500015, 2
55107429500001, 2
55107429500002, 4
55107496250001, 2
55107496250002, 2
55107551750001, 2
55107676000001, 2
55107676000002, 2
55107702750001, 2
55107731750001, 4
55107749750001, 2
55107777750001, 4
55107777750002, 4
55107778500001, 2
55107778500002, 2
55107795750001, 2
55107795750002, 2
55107795750003, 2
55107795750004, 2
55107795750005, 2
55107802250001, 2
55107809500001, 2
55107836750001, 2
55107864500001, 4
55107864500002, 2
55107871250001, 2
55107871750001, 2
55107874500001, 2
55109044000001, 4
55109044000002, 4
55109044000003, 4
55109044000004, 4
55109044000005, 4
55109044000006, 4
55109044250001, 4
55109044250002, 1
55109117750001, 7
55109183000001, 4
55109193250001, 4
55109224000001, 5
55109224000002, 4
55109239250001, 4
55109242750001, 4
55109265250001, 4
55109296000001, 4
55109296250001, 4
55109296250002, 4
55109323250001, 2
55109323250002, 2
55109323250003, 2
55109323250004, 2
55109323500001, 4
55109323500002, 4
55109323500003, 2
55109362500001, 4
55109362500002, 4
55109362500003, 4
55109362500004, 4
55109362500005, 4
55109362500006, 4
55109362500007, 4
55109362500008, 4
55109362500009, 4
55109362500010, 4
55109362500011, 4
55109362500012, 4
55109362750001, 4
55109362750002, 4
55109362750003, 4
55109362750004, 4
55109362750005, 4
55109362750006, 4
55109362750007, 4
55109362750008, 4
55109362750009, 4
55109362750010, 4
55109362750011, 4
55109362750012, 4
55109362750013, 5
55109362750014, 4
55109398250001, 4
55109398250002, 4
55109398250003, 4
55109571000001, 4
55109571000002, 4
55109571000003, 0
55109571000004, 4
55109571000005, 4
55109571000006, 4
55109571000007, 4
55109571000008, 4
55109571000009, 4
55109571000010, 4
55109571000011, 4
55109571000012, 5
55109580500001, 4
55109580500002, 4
55109580500003, 4
55109580500004, 4
55109580500005, 4
55109580500006, 4
55109634250001, 4
55109676500001, 2
55109676500002, 4
55109676500003, 4
55109676500004, 4
55109676500005, 4
55109682750001, 4
55109682750002, 4
55109682750003, 4
55109682750004, 4
55109684750001, 4
55109684750002, 4
55109684750003, 4
55109684750004, 4
55109702000001, 4
55109708250001, 4
55109708250002, 4
55109708250003, 4
55109708250004, 4
55109708250005, 4
55109708250006, 2
55109746750001, 4
55109746750002, 4
55109746750003, 4
55109746750004, 4
55109747000001, 4
55109747000002, 0
55109747000003, 4
55109747000004, 4
55109747000005, 2
55109747000006, 2
55109759500001, 4
55109763000003, 4
55109766750001, 5
55109768250001, 4
55109768500001, 4
55109768500002, 2
55109768500003, 2
55109768500004, 4
55109768500005, 0
55109768500006, 5
55109808000001, 4
55109808000002, 4
55109808000003, 4
55109808000004, 4
55109808000005, 4
55109808000006, 4
55109808000007, 4
55109834000001, 4
55109834000002, 4
55109834000003, 4
55109874750001, 4
55109890250001, 7
55109890250002, 7
55111046250001, 0
55111046250002, 5
55111046250003, 0
55111046250004, 5
55111046250005, 5
55111046250006, 2
55111046250007, 5
55111046250008, 5
55111046250009, 5
55111046250010, 5
55111046250011, 5
55111046250012, 3
55111046250013, 5
55111046250014, 5
55111046500001, 4
55111046500002, 5
55111046500003, 5
55111046500004, 5
55111056000001, 5
55111133000002, 5
55111195500001, 0
55111195500002, 5
55111196750001, 6
55111196750002, 5
55111196750003, 0
55111196750004, 0
55111246750001, 5
55111246750002, 5
55111246750003, 5
55111249000001, 0
55111249000002, 0
55111273500001, 0
55111273500002, 5
55111273500003, 5
55111276750001, 0
55111276750002, 0
55111312500001, 0
55111356250001, 0
55111372250001, 5
55111372500001, 0
55111413000001, 0
55111413000002, 0
55111413000003, 0
55111428250001, 5
55111428500001, 4
55111428500002, 5
55111428500003, 0
55111442250001, 0
55111454000001, 0
55111513250001, 3
55111513500001, 0
55111580250001, 5
55111631250001, 5
55111651000001, 5
55111651000002, 5
55111651000003, 5
55111651000004, 5
55111651250001, 5
55111651250002, 5
55111668000001, 1
55111668000002, 5
55111668000003, 1
55111668000004, 0
55111668000005, 0
55111668000006, 5
55111668000007, 5
55111668000008, 0
55111668000009, 5
55111668000010, 2
55111668000011, 5
55111668000012, 5
55111668000013, 5
55111668000014, 5
55111668250001, 0
55111668250002, 0
55111668250003, 7
55111689750001, 5
55111716500001, 0
55111716500002, 0
55111716500003, 5
55111716500004, 0
55111716500005, 0
55111760250001, 5
55111760250002, 5
55111760500001, 5
55111760500002, 5
55111760500003, 5
55111760500004, 5
55111785250001, 5
55111785250002, 5
55111785250003, 5
55111808250001, 5
55111837000001, 0
55111837000002, 5
55111853250001, 5
55111853250002, 1
55111856250001, 5
55111877750001, 0
55111877750002, 0
55111881500004, 0
55111881500008, 0
55111887750001, 4
55113052000001, 2
55113052000002, 2
55113052000003, 2
55113052000004, 2
55113052000005, 2
55113172250001, 2
55113172500001, 2
55113208250001, 2
55113226250001, 2
55113226250002, 2
55113247000001, 2
55113334500001, 2
55113334500002, 2
55113334500003, 2
55113334500004, 1
55113334500005, 2
55113334500006, 2
55113334750001, 2
55113334750002, 2
55113334750003, 2
55113334750004, 2
55113334750005, 2
55113334750006, 2
55113334750007, 1
55113334750008, 2
55113364500001, 2
55113434000001, 2
55113434000002, 2
55113503000001, 2
55113514250001, 2
55113596000001, 2
55113596000002, 2
55113660500001, 2
55113660750001, 1
55113660750002, 2
55113697500001, 2
55113697500002, 2
55113715000001, 2
55113754500001, 2
55113851000001, 2
55113879750001, 2
55113880000001, 2
55113880000002, 2
55115013750001, 2
55115019750001, 2
55115019750002, 2
55115019750003, 1
55115020750001, 2
55115021000001, 2
55115050000001, 2
55115062750001, 2
55115062750002, 2
55115062750003, 2
55115076000001, 2
55115076250001, 2
55115087250001, 2
55115087250002, 1
55115090250001, 2
55115133250001, 2
55115229750001, 2
55115247750001, 2
55115288250001, 2
55115288250002, 2
55115304000001, 2
55115304000002, 2
55115315000001, 7
55115315000002, 1
55115316750001, 2
55115330750001, 2
55115340250001, 2
55115340250002, 2
55115367000001, 2
55115436750001, 2
55115436750002, 1
55115489000001, 1
55115494000004, 2
55115494000005, 2
55115494000006, 2
55115500000001, 2
55115542500001, 2
55115556750001, 2
55115617000001, 2
55115656750004, 2
55115656750007, 2
55115667500001, 2
55115667500002, 2
55115676750001, 2
55115676750002, 2
55115676750003, 2
55115725500001, 2
55115729250001, 2
55115729250002, 2
55115729250003, 2
55115729250004, 2
55115729250005, 2
55115729250006, 2
55115729250007, 2
55115729250008, 2
55115729250009, 2
55115729250010, 0
55115729250011, 2
55115729250012, 2
55115798250001, 2
55115837250001, 2
55115837250002, 1
55115837250003, 2
55115842250001, 2
55115842250002, 2
55115852750001, 2
55115852750002, 1
55115852750003, 1
55115852750004, 2
55115883250001, 2
55115883250002, 2
55115883500001, 2
55115883500002, 2
55117004500001, 7
55117128250001, 7
55117134750001, 7
55117134750002, 7
55117134750003, 7
55117232750001, 1
55117232750002, 1
55117293500001, 1
55117311000001, 1
55117311000002, 1
55117311000003, 1
55117340500001, 1
55117340500002, 7
55117340500003, 7
55117353750001, 7
55117353750002, 7
55117353750003, 7
55117360250001, 1
55117360250002, 1
55117360250003, 1
55117360250004, 1
55117402750001, 1
55117402750002, 1
55117402750003, 1
55117441500001, 7
55117441500002, 1
55117441500003, 2
55117441500004, 7
55117465750001, 7
55117465750002, 4
55117465750003, 7
55117533750001, 1
55117533750002, 1
55117544750001, 1
55117601000001, 7
55117601000002, 7
55117601000003, 7
55117601000004, 7
55117637000001, 1
55117637000002, 1
55117637000003, 7
55117637000004, 7
55117637000005, 7
55117637000006, 7
55117637000007, 7
55117637000008, 1
55117637000009, 7
55117637000010, 7
55117637000011, 7
55117637000012, 7
55117637250001, 1
55117637250002, 1
55117637250003, 2
55117637250004, 7
55117662000001, 7
55117662000002, 7
55117671500001, 1
55117671500002, 1
55117671500003, 1
55117703500001, 1
55117723500001, 7
55117723500002, 7
55117723500003, 1
55117729750001, 1
55117729750002, 1
55117729750003, 1
55117729750004, 1
55117729750005, 1
55117729750006, 1
55117729750007, 1
55117729750008, 1
55117729750009, 1
55117729750010, 1
55117729750011, 1
55117729750012, 1
55117729750013, 1
55117729750014, 1
55117729750015, 4
55117729750016, 1
55117729750017, 3
55117729750018, 1
55117729750019, 1
55117729750019B, 1
55117729750020, 1
55117729750021, 1
55117729750022, 1
55117729750022B, 1
55117729750023, 6
55117729750024, 1
55117729750025, 1
55117729750026, 0
55117730000001, 0
55117730000002, 1
55117730000003, 1
55117730000004, 1
55117730000005, 1
55117730000006, 1
55117730000007, 1
55117730000008, 7
55117730000009, 4
55117730000010, 5
55117730250001, 7
55117730250002, 7
55117730250002B, 1
55117730250003, 7
55117730250003B, 7
55117730250004, 1
55117730250005, 1
55117730250006, 1
55117730250007, 1
55117730250008, 1
55117730250009, 7
55117730250009B, 2
55117730500001, 6
55117730500002, 1
55117730500003, 1
55117734250001, 7
55117734250002, 7
55117831000001, 7
55117875000001, 7
55117875000002, 7
55117875000003, 0
55117875000004, 3
55119039000001, 2
55119104000001, 2
55119142000001, 2
55119154500001, 4
55119192250001, 2
55119264250001, 2
55119291750001, 2
55119298370001, 2
55119316000001, 2
55119317500001, 2
55119323000001, 2
55119323000002, 2
55119355250001, 2
55119386270001, 2
55119449000001, 2
55119449000002, 5
55119461500001, 2
55119469250001, 2
55119489250001, 2
55119504250001, 0
55119504250002, 4
55119504250003, 3
55119504250004, 4
55119504250005, 5
55119504250006, 5
55119504250007, 5
55119504250008, 2
55119504500005, 2
55119504500006, 2
55119504500007, 6
55119535500001, 2
55119621000001, 2
55119672750001, 2
55119673000001, 2
55119673000002, 5
55119694000001, 4
55119771000001, 2
55119789500001, 4
55119854500001, 2
55121009250001, 4
55121009250002, 4
55121025000001, 4
55121025000002, 4
55121025000003, 4
55121025250001, 4
55121025250002, 4
55121025250003, 4
55121025250004, 4
55121080750001, 4
55121080750002, 4
55121080750003, 7
55121113250001, 5
55121113250002, 4
55121119750001, 4
55121119750002, 4
55121145250001, 4
55121203000001, 4
55121231750001, 4
55121244000001, 4
55121244250001, 4
55121244250002, 6
55121281500001, 5
55121281500002, 3
55121281500003, 5
55121282000001, 4
55121282000002, 2
55121282000003, 3
55121320500001, 4
55121368000001, 4
55121368000002, 4
55121368000003, 3
55121445000001, 5
55121445000002, 4
55121605750001, 4
55121605750002, 4
55121605750003, 4
55121626500001, 4
55121626500002, 4
55121626750001, 4
55121655000001, 7
55121655000002, 4
55121655000003, 4
55121778250001, 4
55121778250002, 4
55121785000001, 4
55121804750001, 4
55121804750002, 7
55121805000001, 4
55121805000002, 7
55121818750001, 4
55121818750002, 4
55121867250001, 4
55121867250002, 4
55121867250003, 4
55123069000001, 4
55123069000002, 4
55123069000003, 4
55123141500001, 3
55123146750001, 4
55123146750002, 4
55123156750001, 4
55123156750002, 4
55123168750001, 4
55123168750002, 4
55123169000001, 4
55123198500001, 4
55123265500001, 4
55123274000001, 4
55123274000002, 4
55123286250001, 4
55123286500001, 4
55123286500002, 4
55123316250001, 4
55123322250001, 4
55123322250002, 4
55123327250001, 4
55123327250002, 4
55123327250003, 4
55123348250001, 6
55123348250002, 4
55123348250003, 4
55123348250004, 4
55123348500001, 5
55123348500002, 4
55123348500003, 4
55123379750001, 4
55123379750002, 4
55123379750003, 4
55123379750004, 4
55123394750001, 4
55123408750001, 4
55123439000001, 5
55123600750001, 4
55123664500001, 4
55123767250001, 4
55123767250002, 5
55123770750001, 4
55123775500001, 4
55123816750001, 4
55123816750002, 4
55123816750003, 4
55123829000001, 5
55123829250001, 4
55123829250002, 4
55123829250003, 4
55123829250004, 4
55123829250005, 4
55123829250006, 4
55123829250007, 4
55123829250008, 4
55123829250009, 4
55123829500001, 5
55123829500002, 4
55123829500003, 0
55123829500004, 2
55123850500001, 4
55123850500002, 4
55123854750001, 4
55123854750002, 4
55123854750003, 4
55123854750004, 4
55123854750005, 4
55123865250001, 4
55123869000001, 4
55125024500001, 2
55125024500002, 2
55125024500003, 2
55125024500004, 2
55125024500005, 2
55125024500006, 2
55125024500007, 2
55125089500001, 2
55125089500002, 2
55125158500001, 2
55125158500002, 2
55125167500001, 2
55125167500002, 2
55125216250001, 2
55125216250002, 7
55125216250003, 2
55125216250004, 5
55125216250005, 2
55125406870001, 2
55125406870002, 2
55125406870003, 2
55125406870004, 2
55125406870005, 2
55125406870006, 2
55125406870007, 2
55125423250001, 2
55125445250001, 2
55125445250002, 2
55125445250003, 2
55125445250004, 2
55125445250005, 5
55125484620001, 2
55125624250001, 2
55125624250002, 2
55125636250001, 2
55125636250002, 2
55125654250001, 2
55125707250001, 2
55125707250002, 2
55125837500001, 2
55125837500002, 2
55125837500003, 2
55125876000001, 2
55127082750001, 5
55127082750002, 6
55127082750003, 6
55127082750004, 3
55127082750005, 6
55127082750006, 6
55127082750007, 6
55127082750008, 6
55127112000009, 6
55127188250001, 2
55127188250002, 5
55127188500001, 5
55127188500002, 5
55127188500003, 5
55127194500001, 5
55127194500002, 5
55127194500003, 5
55127194500004, 5
55127194500005, 5
55127194500006, 5
55127194500007, 5
55127194500008, 6
55127194500009, 5
55127194500010, 5
55127194500011, 5
55127194500012, 5
55127194500013, 5
55127194500014, 5
55127194750001, 5
55127194750002, 5
55127194750003, 5
55127194750004, 5
55127194750005, 5
55127194750006, 5
55127194750007, 5
55127194750008, 5
55127194750009, 5
55127194750010, 5
55127194750011, 5
55127221000001, 6
55127221000002, 5
55127221000003, 6
55127221000004, 6
55127221000005, 6
55127221250001, 6
55127221250002, 5
55127221250003, 6
55127221250004, 5
55127221250005, 1
55127221250006, 3
55127233000001, 5
55127233000002, 0
55127233000003, 6
55127233000004, 5
55127233000005, 5
55127233000006, 5
55127233000007, 5
55127233000008, 6
55127263500001, 6
55127263500002, 6
55127263500003, 6
55127285500001, 5
55127285500002, 5
55127285500003, 1
55127285500004, 5
55127285500005, 5
55127285500006, 6
55127285500007, 5
55127285500008, 5
55127286750001, 6
55127286750002, 6
55127286750003, 6
55127286750004, 1
55127409500001, 5
55127409500002, 6
55127409500003, 6
55127410500001, 5
55127410500002, 5
55127410500003, 0
55127414500001, 6
55127414500002, 0
55127414500003, 6
55127414500004, 6
55127414500005, 6
55127414500006, 6
55127414500007, 6
55127414500008, 6
55127414500009, 2
55127414500010, 6
55127447500001, 0
55127447500002, 6
55127447500003, 4
55127447500004, 6
55127447500005, 6
55127447500006, 6
55127467250001, 6
55127467250002, 6
55127467250003, 6
55127467250004, 6
55127467250005, 6
55127467250006, 3
55127467250007, 6
55127550500011, 0
55127677250001, 5
55127677250002, 5
55127677250003, 5
55127728750001, 5
55127728750002, 5
55127729000001, 5
55127761750001, 6
55127761750002, 6
55127761750003, 6
55127761750004, 6
55127781000001, 5
55127781000002, 5
55127781000003, 5
55127781000004, 5
55127781000005, 2
55127808750001, 5
55127808750002, 5
55127808750003, 5
55127832500001, 6
55127832500002, 6
55127832500003, 6
55127832750001, 4
55127832750002, 0
55127832750003, 0
55127869250001, 2
55127869250002, 5
55127869250003, 5
55127869250004, 5
55127869250005, 5
55127869250006, 5
55127869250007, 5
55127869250008, 5
55127869250009, 5
55127869500001, 5
55127869500002, 5
55127869500003, 3
55127872000001, 5
55127872000002, 6
55127872000003, 6
55127872000004, 5
55129049500001, 4
55129051250001, 2
55129051250002, 2
55129051250003, 2
55129052250001, 2
55129058750001, 2
55129058750002, 2
55129058750003, 2
55129075500001, 2
55129075750001, 2
55129075750002, 2
55129075750003, 2
55129101500001, 4
55129129250001, 2
55129144250001, 2
55129144250002, 2
55129178500001, 2
55129178500002, 2
55129246000001, 2
55129246000002, 2
55129280250001, 2
55129318250001, 2
55129456500001, 2
55129470250001, 2
55129470250002, 2
55129470250003, 2
55129532500001, 2
55129532750001, 2
55129532750002, 4
55129716370001, 2
55129716370002, 2
55129732000001, 2
55129732000002, 2
55129756250001, 2
55129756250002, 2
55129756250003, 2
55129756250004, 2
55129756500001, 2
55129756500002, 2
55129756500003, 2
55129758000001, 2
55129773500001, 2
55129776500001, 2
55129804500001, 2
55129804500002, 2
55131004250001, 3
55131004250002, 3
55131004250003, 7
55131004250004, 7
55131004250005, 7
55131004250006, 7
55131050500001, 7
55131050500002, 7
55131050500003, 7
55131050500004, 7
55131242250001, 3
55131242250002, 3
55131242250003, 3
55131242250004, 5
55131253750001, 7
55131253750002, 7
55131253750003, 7
55131253750004, 7
55131253750005, 7
55131288750001, 7
55131288750002, 7
55131288750003, 7
55131288750004, 3
55131288750005, 7
55131288750006, 7
55131288750007, 7
55131288750008, 7
55131288750009, 7
55131288750010, 7
55131288750011, 7
55131288750012, 7
55131288750013, 7
55131288750014, 7
55131288750015, 7
55131288750016, 7
55131288750017, 7
55131289000001, 7
55131330000001, 5
55131330000002, 7
55131330000003, 7
55131330000004, 5
55131330000005, 3
55131330000006, 7
55131330000007, 5
55131330000008, 3
55131330000009, 5
55131330000010, 3
55131330000011, 3
55131330000012, 3
55131330000013, 3
55131330000014, 5
55131330000015, 3
55131330000016, 3
55131330000017, 7
55131330250001, 1
55131330250002, 3
55131330250003, 3
55131330250004, 0
55131330250005, 7
55131376750001, 7
55131376750002, 7
55131376750003, 7
55131376750004, 7
55131376750005, 7
55131376750006, 7
55131376750007, 7
55131376750008, 2
55131376750009, 7
55131377000001, 7
55131377000002, 7
55131377000003, 7
55131377000004, 7
55131377000005, 7
55131377000006, 7
55131393000001, 7
55131393000002, 7
55131393000003, 3
55131393000004, 7
55131393000005, 7
55131393250001, 3
55131393250002, 7
55131564500001, 7
55131564500002, 7
55131638750001, 7
55131638750002, 7
55131638750003, 7
55131638750004, 5
55131638750005, 7
55131638750006, 7
55131674750001, 7
55131674750002, 7
55131674750003, 7
55131674750004, 7
55131674750005, 7
55131674750006, 7
55131674750007, 7
55131674750008, 7
55131674750009, 3
55131744000001, 7
55131744000002, 2
55131744000003, 7
55131744000004, 7
55131744000005, 7
55131744000006, 3
55131744000007, 3
55131744000008, 7
55131805750001, 7
55131805750002, 7
55131805750003, 7
55131805750004, 7
55131805750005, 7
55131805750006, 7
55131805750007, 7
55131805750008, 7
55131849000001, 7
55131849000002, 7
55131849000003, 7
55131853500001, 7
55131853500002, 7
55131853500003, 3
55131853500004, 7
55131853500005, 7
55131853500006, 7
55131853500007, 7
55131853500008, 7
55131853500009, 7
55131853500010, 7
55131853500011, 7
55131853500012, 7
55131853500013, 7
55131853500014, 7
55131853500015, 7
55131853500016, 7
55131853500017, 7
55131853500018, 7
55131853500019, 7
55131853500020, 7
55131853500021, 7
55131853500022, 7
55131853500023, 7
55131853500024, 7
55131853500025, 7
55131853750001, 3
55131853750002, 7
55131853750003, 3
55131853750004, 3
55131853750005, 7
55131853750006, 7
55131853750007, 7
55131853750008, 1
55131853750009, 7
55131853750010, 4
55133072000001, 3
55133072000002, 3
55133072000003, 6
55133100250001, 3
55133100250002, 3
55133100250003, 3
55133100250004, 3
55133100250005, 3
55133100250006, 3
55133100250007, 3
55133100250008, 3
55133100250009, 3
55133100250010, 3
55133100250011, 3
55133100250012, 3
55133100250013, 3
55133100250014, 3
55133100250015, 3
55133100250016, 3
55133100250017, 3
55133100250018, 3
55133100250019, 3
55133100250020, 3
55133100250021, 3
55133100250022, 3
55133100250023, 3
55133100250024, 3
55133100500001, 3
55133100500002, 2
55133100500003, 3
55133100500004, 3
55133100500005, 7
55133100500006, 3
55133100500007, 3
55133100500008, 3
55133100500009, 6
55133100500010, 0
55133114750001, 3
55133114750001B, 3
55133114750002, 3
55133114750003, 3
55133142250001, 5
55133194000001, 3
55133194000002, 3
55133194000003, 3
55133194000004, 3
55133194000005, 6
55133194000006, 3
55133194000007, 3
55133194000008, 5
55133194000009, 5
55133194000010, 5
55133194000011, 3
55133194000012, 3
55133194000013, 3
55133194000014, 3
55133194250001, 3
55133194250002, 6
55133194250003, 6
55133194250004, 3
55133194250005, 3
55133194250006, 3
55133194250007, 3
55133194250008, 3
55133194250009, 6
55133194250010, 6
55133194250011, 3
55133205500001, 0
55133205500001B, 4
55133205500002, 4
55133205500002B, 5
55133205500003, 4
55133214250001, 5
55133214250002, 5
55133214500001, 5
55133214500002, 5
55133214500003, 5
55133214500004, 3
55133235750001, 3
55133235750002, 3
55133235750003, 3
55133235750004, 3
55133235750005, 3
55133235750006, 3
55133235750007, 3
55133235750008, 3
55133284870001, 3
55133284870002, 3
55133284870003, 3
55133284870004, 3
55133284870005, 5
55133284870006, 6
55133284870007, 4
55133284870008, 3
55133284870009, 3
55133284870010, 6
55133331000001, 3
55133331000002, 3
55133331000003, 3
55133331000004, 3
55133331000005, 3
55133331000006, 3
55133331000007, 3
55133331000008, 3
55133331000009, 3
55133331000010, 5
55133331000011, 7
55133331000012, 4
55133407500001, 5
55133424500001, 3
55133424500002, 7
55133448500001, 7
55133448500002, 7
55133448500003, 3
55133448500004, 3
55133448500005, 3
55133448500006, 3
55133510000001, 3
55133510000002, 3
55133510000003, 3
55133510000004, 3
55133510000005, 3
55133510000006, 3
55133510000007, 3
55133510000008, 3
55133510000009, 3
55133510000010, 3
55133510000011, 3
55133510000012, 3
55133510000013, 3
55133510000014, 3
55133510000015, 3
55133510000016, 7
55133510000017, 3
55133510000018, 3
55133510000019, 7
55133510000020, 3
55133510000021, 3
55133510000022, 3
55133510000023, 7
55133513750001, 3
55133513750002, 3
55133513750003, 7
55133513750004, 3
55133514000001, 5
55133514000002, 3
55133514000003, 5
55133514000004, 5
55133514000005, 5
55133514000006, 5
55133514000007, 3
55133514000008, 5
55133514000009, 3
55133514000010, 3
55133550500001, 6
55133550500002, 6
55133550500003, 6
55133550500004, 6
55133550500005, 7
55133550500006, 6
55133550500007, 6
55133550500008, 6
55133550500009, 6
55133550500010, 5
55133550750001, 5
55133550750002, 5
55133550750003, 2
55133550750004, 6
55133550750004B, 5
55133550750005, 5
55133550750006, 6
55133550750007, 5
55133550750008, 5
55133550750009, 1
55133550750010, 5
55133550750011, 5
55133552750001, 6
55133552750002, 6
55133552750003, 6
55133552750004, 6
55133552750005, 6
55133552750006, 6
55133552750007, 6
55133552750008, 6
55133552750009, 6
55133552750010, 6
55133552750011, 6
55133552750012, 6
55133552750013, 3
55133552750014, 6
55133552750015, 3
55133552750016, 6
55133555500001, 3
55133555500002, 3
55133563750001, 3
55133563750002, 3
55133563750003, 6
55133563750004, 3
55133563750005, 3
55133563750006, 6
55133563750007, 3
55133563750008, 6
55133563750009, 3
55133563750010, 6
55133563750011, 6
55133563750012, 6
55133563750013, 6
55133563750014, 6
55133563750015, 6
55133563750016, 6
55133563750017, 6
55133563750018, 6
55133563750019, 6
55133563750020, 3
55133563750021, 6
55133563750022, 3
55133563750023, 6
55133563750024, 3
55133563750025, 6
55133563750026, 3
55133563750027, 3
55133584000001, 1
55133584000002, 4
55133584000003, 1
55133592500001, 5
55133592500002, 5
55133592500003, 3
55133592500004, 7
55133592500005, 5
55133592500006, 3
55133592500007, 3
55133592500008, 3
55133592500009, 5
55133592500010, 3
55133592500011, 3
55133592500012, 3
55133592750001, 3
55133592750002, 3
55133592750003, 4
55133592750004, 5
55133592750005, 5
55133592750006, 4
55133592750007, 5
55133592750008, 5
55133592750009, 5
55133592750010, 3
55133593000001, 3
55133607000001, 5
55133607000002, 3
55133607000003, 4
55133607000004, 1
55133607000005, 5
55133622400001, 3
55133622400002, 3
55133622400003, 3
55133622400004, 2
55133622400005, 3
55133622400006, 3
55133622400007, 3
55133622400008, 3
55133622400009, 3
55133622400010, 3
55133622500001, 3
55133622500002, 3
55133622500003, 3
55133622500004, 3
55133622500005, 3
55133622500006, 3
55133622500007, 3
55133622500008, 7
55133622500009, 3
55133622500010, 3
55133783750001, 0
55133783750002, 5
55133783750003, 3
55133783750004, 6
55133783750005, 3
55133783750006, 5
55133787500001, 3
55133787500002, 3
55133787500003, 3
55133787500004, 3
55133787500005, 3
55133787500006, 3
55133787500007, 4
55133787500008, 3
55133825750001, 3
55133825750002, 6
55133825750003, 6
55133825750004, 5
55133825750005, 5
55133825750006, 6
55133825750007, 6
55133825750008, 3
55133825750009, 3
55133825750010, 0
55133825750011, 2
55133831750001, 7
55133831750002, 3
55133831750003, 3
55133831750004, 3
55133842500001, 3
55133842500002, 3
55133842500003, 3
55133842500004, 3
55133842500005, 3
55133842500006, 3
55133842500007, 6
55133842500008, 3
55133842500009, 3
55133842500010, 3
55133842500011, 6
55133842500012, 3
55133842500013, 3
55133842500014, 6
55133842500015, 6
55133842500016, 6
55133842500017, 6
55133842500018, 3
55133842500019, 6
55133842500020, 3
55133842500021, 3
55133842500022, 6
55133842500023, 3
55133842500024, 6
55133842500025, 6
55133842500026, 3
55133842500027, 3
55133842500028, 3
55133842500029, 3
55133842500030, 6
55133842500031, 6
55133842500032, 3
55133842500033, 3
55133842500034, 3
55133842500035, 3
55133842500036, 3
55133842500037, 3
55133842500038, 3
55133842750001, 5
55133842750002, 3
55133842750002B, 3
55133842750003, 3
55133842750004, 3
55133842750005, 6
55133842750006, 6
55133842750006B, 3
55133842750007, 6
55133842750008, 6
55133842750009, 6
55133842750010, 3
55133842750011, 6
55133842750012, 3
55135056250001, 1
55135072500001, 2
55135120000001, 1
55135120000002, 1
55135157250001, 0
55135157250002, 0
55135157250003, 0
55135157250004, 2
55135157250005, 2
55135157250006, 1
55135157250007, 6
55135190250001, 4
55135190250002, 4
55135190250003, 0
55135190250004, 2
55135212000001, 2
55135212000002, 0
55135238500001, 2
55135254000001, 4
55135254000002, 2
55135254000003, 4
55135254000004, 6
55135254000005, 0
55135254000006, 0
55135278000001, 0
55135278500001, 0
55135278500002, 1
55135329250001, 2
55135338500001, 0
55135338500002, 0
55135370250001, 7
55135370250002, 7
55135370500001, 2
55135370500002, 7
55135426500001, 6
55135426500002, 2
55135430750001, 2
55135430750002, 0
55135430750003, 0
55135445750001, 0
55135445750002, 0
55135445750003, 2
55135453000001, 0
55135453000002, 1
55135453000003, 1
55135483500001, 0
55135483500002, 0
55135483500003, 1
55135494000001, 2
55135494000002, 2
55135494000003, 2
55135499750001, 5
55135550250001, 2
55135550250002, 0
55135550250003, 1
55135550250004, 0
55135550250005, 1
55135569250003, 1
55135569250004, 2
55135569250006, 1
55135569250007, 1
55135569250008, 0
55135569250009, 1
55135569250010, 1
55135569250011, 2
55135569250012, 1
55135594750001, 0
55135699000001, 0
55135699000002, 0
55135709000001, 2
55135709000002, 2
55135719750001, 2
55135720000001, 1
55135720000002, 2
55135817000001, 0
55135817000002, 0
55135843750001, 0
55135843750002, 0
55135843750003, 0
55135843750004, 0
55135843750005, 2
55135843750006, 0
55135843750007, 0
55135843750008, 0
55135843750009, 2
55135843750010, 0
55135843750011, 2
55135844000001, 2
55135844000002, 4
55135864000001, 2
55135864000002, 2
55135864000003, 2
55135864250001, 7
55135893750001, 2
55137039250001, 1
55137069250007, 1
55137083000001, 0
55137083000002, 0
55137163750001, 2
55137164000001, 0
55137184750001, 6
55137184750002, 0
55137193000001, 2
55137324500001, 6
55137324750001, 0
55137435000001, 0
55137435000002, 0
55137435000003, 0
55137454250001, 2
55137494250001, 2
55137494250002, 2
55137494250003, 2
55137494250004, 2
55137548250001, 0
55137548250002, 0
55137592250001, 2
55137631500001, 1
55137631750001, 2
55137649750001, 0
55137666250001, 2
55137666250002, 2
55137666250003, 0
55137675500001, 0
55137675500002, 0
55137694250001, 0
55137694250002, 2
55137718250001, 4
55137764000001, 4
55137764000002, 0
55137834250001, 5
55137846250001, 4
55137846250002, 1
55137846250003, 1
55137846500001, 0
55137846500002, 0
55137846500003, 2
55137870750001, 0
55139010250001, 0
55139010250002, 0
55139010250003, 0
55139010250004, 0
55139010250005, 0
55139010250006, 0
55139010250007, 0
55139010250008, 5
55139010250009, 7
55139010250010, 2
55139023750031, 1
55139023750032, 3
55139080000001, 7
55139080000002, 5
55139080000003, 6
55139151500001, 0
55139151500002, 0
55139151500003, 0
55139151500004, 0
55139151500005, 1
55139151500006, 1
55139151500007, 0
55139508250001, 1
55139508250001B, 1
55139508250002, 0
55139508250003, 1
55139508250004, 1
55139508250005, 1
55139508250005B, 1
55139508250006, 1
55139508250007, 1
55139508250008, 1
55139508250009, 1
55139508250010, 4
55139508250011, 1
55139508250012, 1
55139508250013, 1
55139508250014, 1
55139508250015, 2
55139508500001, 1
55139508500002, 1
55139508500003, 1
55139508500004, 1
55139508500005, 1
55139508500006, 1
55139508500007, 1
55139508500008, 1
55139508500009, 0
55139508500010, 1
55139508500011, 2
55139508500012, 6
55139508500013, 4
55139557500001, 1
55139557500002, 1
55139557500003, 1
55139557500004, 1
55139557500005, 1
55139557500006, 1
55139557500007, 1
55139557500008, 1
55139557500009, 1
55139557500010, 1
55139557500011, 1
55139557500012, 5
55139557500013, 1
55139557500014, 1
55139557500015, 7
55139557500016, 1
55139557500017, 4
55139557500018, 1
55139557500019, 1
55139557500020, 0
55139557500021, 3
55139557500022, 0
55139557500023, 2
55139557500024, 7
55139557750001, 2
55139557750002, 1
55139557750003, 1
55139557750004, 0
55139558500001, 0
55139558500002, 4
55139561000001, 0
55139598750001, 0
55139598750002, 0
55139598750003, 0
55139598750004, 0
55139598750005, 0
55139598750006, 0
55139598750007, 0
55139599000001, 0
55139599000002, 0
55139599000003, 0
55139605000001, 0
55139605000002, 0
55139605000003, 0
55139605000004, 0
55139605000005, 0
55139605000006, 0
55139605000007, 1
55139605000008, 0
55139605000009, 0
55139605000010, 0
55139605000011, 0
55139605000012, 0
55139605000013, 0
55139605000014, 2
55139605000015, 0
55139605000016, 0
55139605000017, 0
55139605000018, 0
55139605000019, 0
55139605000020, 0
55139605000021, 0
55139605000022A, 0
55139605000022B, 0
55139605000023A, 5
55139605000023B, 0
55139605000024, 3
55139605000025A, 0
55139605000025B, 0
55139605000026, 2
55139605000027, 0
55139605000028A, 1
55139605000028B, 1
55139605000029A, 1
55139605000029B, 2
55139605000030, 0
55139605000031, 1
55139605000032, 6
55139605000033, 7
55139605000034, 2
55139605250001, 1
55139605250001B, 0
55139605250002, 4
55139605250003, 5
55139605250004, 7
55139605250005, 6
55139648750001, 0
55139648750002, 0
55139701250001, 0
55139701250002, 0
55139821750001, 0
55139821750002, 0
55139828750001, 0
55139828750001B, 0
55139828750002, 5
55139876500001, 1
55139876500002, 1
55139879000001, 7
55139879000002, 0
55139879000003, 0
55139879000004, 1
55139879250001, 7
55139879250002, 0
55139879250003, 1
5513987925004A, 0
5513987925004B, 1
5513987925004C, 0
55139884750001, 1
55139884750002A, 0
55139884750002B, 1
55139884750002C, 0
55141030250001, 4
55141030500001, 4
55141030500002, 4
55141030500003, 4
55141037750001, 4
55141038000001, 2
55141076500001, 5
55141122750001, 0
55141127750001, 2
55141175250001, 4
55141200750001, 4
55141301250001, 0
55141301250002, 2
55141301250003, 2
55141301250004, 4
55141301250005, 2
55141301250006, 2
55141301250007, 4
55141301250008, 0
55141301250009, 0
55141301250010, 0
55141325750001, 4
55141342500001, 4
55141346750001, 4
55141445500001, 4
55141445500002, 4
55141496750001, 4
55141496750002, 4
55141496750003, 4
55141496750004, 4
55141496750005, 4
55141496750006, 4
55141496750007, 4
55141496750008, 4
55141496750009, 4
55141496750010, 4
55141496750011, 4
55141496750013, 4
55141496750014, 4
55141496750015, 4
55141496750016, 4
55141496750017, 4
55141496750018, 4
55141496750019, 4
55141496750022, 4
55141496750023, 4
55141497000001, 4
55141518750001, 4
55141519000001, 4
55141558750001, 4
55141558750002, 4
55141558750003, 4
55141558750004, 4
55141631000001, 2
55141641750001, 4
55141641750002, 0
55141641750003, 4
55141642000001, 4
55141642000002, 4
55141642000003, 4
55141642000004, 4
55141670000001, 4
55141675000001, 2
55141675000002, 0
55141675000003, 4
55141686250001, 2
55141700000001, 4
55141700250001, 4
55141700250002, 4
55141716000001, 4
55141716000002, 4
55141716000003, 4
55141716000004, 4
55141716000005, 0
55141716000006, 4
55141716000007, 4
55141716000008, 4
55141725750001, 0
55141725750002, 4
55141725750003, 0
55141734750001, 4
55141739000001, 0
55141739000002, 4
55141739000003, 0
55141826500001, 4
55141882000001, 4
55141882000002, 4
55141882000003, 4
55141882000004, 4
55141882000005, 4
55141882000006, 0
55141882000007, 0
55141882000008, 0
55141882000009, 0
55141882000010, 4
55141882000011, 4
55141882000012, 0
55141882000013, 4
55141882000014, 0
55141882000015, 4
55141882000016, 0
55141882000017, 4
55141882000018, 0
55141882000019, 7
55141882000020, 4
55141882000021, 4
55141882000022, 4
55141882000023, 4
55141885750001, 2
